239.787 40.1517 5.15 3.31 -3e+11 -8.36e+13 8.38e+13 6.9e+12 3.58e+13 -1.38e+13
239.785 40.1507 5.31 3.99 3.574e+13 -1.111e+15 1.075e+15 2.866e+14 3.73e+14 -8.672e+13
239.787 40.1538 6.87 4.48 1.806e+14 -6.537e+15 6.357e+15 -5.813e+13 1.068e+15 -1.041e+15
239.77 40.1412 8.95 3.74 1.111e+13 -3.448e+14 3.337e+14 2.703e+13 2.014e+14 -3.19e+14
236.108 40.7243 26.24 4.73 -6.095e+15 -2.281e+15 8.375e+15 6.114e+15 2.243e+15 -1.185e+16
234.94 40.388 17.31 3.69 -1.461e+13 1.765e+14 -1.619e+14 5.016e+13 1.419e+14 3.567e+14
234.622 40.3955 18.47 4.5 1.084e+15 -2.162e+15 1.078e+15 2.029e+15 -2.405e+15 -5.958e+15
231.541 43.7904 10 5 -2.125e+16 3.34e+15 1.792e+16 -9.26e+15 -3.423e+16 4.71e+15
237.179 38.8158 2.7 3.83 -7.494e+13 -4.008e+14 4.757e+14 -4.443e+13 -1.388e+14 5.206e+14
237.15 38.8263 1.74 3.77 -3.484e+14 -1.941e+14 5.426e+14 -2.881e+14 5.611e+13 -3.16e+12
237.242 38.8485 1.53 3.73 -4.144e+14 -8.205e+13 4.964e+14 -6.003e+13 5.289e+13 1.876e+14
230.151 49.673 10 5.5 -5.41e+16 -1.539e+17 2.08e+17 5.1e+16 4.55e+16 1.86e+16
232.616 41.0363 10 5 -3.243e+16 4.39e+15 2.803e+16 3.83e+15 -3.486e+16 5.25e+15
232.793 40.9167 10 5.1 -3.052e+16 3.58e+15 2.694e+16 9.43e+15 -3.79e+16 5.29e+15
233.685 43.1417 20.45 4.9 -1.034e+16 -1.529e+16 2.563e+16 -1.046e+16 -1.55e+15 -1.841e+16
231.358 48.8975 10 4.4 -8.7e+15 -2.09e+16 2.96e+16 -5.5e+14 -3.39e+15 6.66e+15
234.064 40.4808 20.18 3.84 -2.866e+14 6.63e+13 2.202e+14 1.396e+14 -2.256e+14 -8.189e+14
237.146 38.8233 2.32 3.42 -7.203e+13 -8.407e+13 1.561e+14 -6.545e+13 -9.06e+12 7.251e+13
235.676 40.278 16.27 3.66 2.888e+14 -1.902e+14 -9.858e+13 1.853e+14 -1.987e+14 1.003e+14
235.661 40.2732 16.95 4.31 3.514e+15 -2.277e+15 -1.237e+15 1.305e+15 -5.817e+14 1.423e+15
235.313 40.3083 14.67 4.44 2.971e+14 -2.38e+15 2.083e+15 7.173e+14 -8.841e+14 -5.186e+15
236.7 48.5865 52.42 4.79 -1.272e+16 -1.17e+15 1.389e+16 4.25e+15 -3.17e+15 -4.16e+15
234.714 41.0703 16.86 4.87 -6.099e+15 -1.698e+16 2.308e+16 7.761e+14 -8.988e+15 3.316e+15
229.809 50.479 10 4.3 -5e+12 -3.268e+15 3.044e+15 -1.5e+14 -8.34e+14 6.13e+14
229.649 50.5434 10 4.5 5.53e+14 -6.803e+15 6.043e+15 -1.101e+15 -8.19e+14 1.815e+15
230.75 48.75 10 4.9 -2.2e+16 6.5e+14 2.13e+16 9.07e+15 -8.26e+15 2e+15
228.528 51.3713 10 4.8 1.75e+15 -1.05e+16 8.76e+15 4.86e+15 -1.87e+16 2.44e+16
228.933 51.6651 10 4.5 1.078e+15 -3.277e+15 3.686e+15 -5.418e+15 -2.125e+15 4.615e+15
228.934 51.6976 10 4.5 -3.77e+14 -1.769e+15 2.942e+15 -3.919e+15 -2.52e+14 5.044e+15
234.603 40.3647 13.67 4.33 1.632e+14 -9.328e+14 7.696e+14 6.04e+14 -6.368e+14 -3.637e+15
238.065 39.6037 21.05 3.53 -9.239e+13 -1.214e+14 2.138e+14 1.191e+14 9.942e+13 -4.837e+13
230.038 50.8008 10 5.1 -7.91e+15 -3.787e+16 4.578e+16 2.297e+16 3.47e+15 2.156e+16
237.013 39.4435 9.15 3.91 -7.513e+13 -2.12e+14 2.871e+14 3.101e+13 -4.112e+13 8.754e+14
229.792 50.7832 10 5.7 -1.133e+17 -3.517e+17 4.651e+17 -8.37e+16 1.011e+17 2.758e+17
229.773 50.3258 10 4.7 -1.9e+14 -2.12e+15 2.3e+15 3.57e+15 -9.94e+15 1.6e+16
230.352 49.4227 10 4.8 -5.22e+15 -1.31e+16 1.83e+16 -3.66e+15 1.2e+15 -3.15e+15
229.891 50.7444 13.97 4.5 -2.825e+15 -1.884e+15 4.237e+15 -5.014e+15 -3.138e+15 2.338e+15
229.255 51.088 10 4.3 -2.839e+15 2.555e+15 3.73e+14 1.315e+15 -1.37e+15 1.872e+15
236.403 39.481 5.86 3.56 -8.55e+12 -1.873e+14 1.958e+14 -6.114e+13 -7.05e+12 1.823e+14
237.256 38.7843 3.51 3.83 -1.268e+14 5.112e+14 -3.845e+14 -2.598e+13 -3.366e+13 5.237e+14
231.304 49.0289 24.08 4.7 -2.36e+15 -1.77e+15 4.58e+15 -5.3e+15 -1.146e+16 1.48e+15
229.938 50.6463 2.95 4.4 -4.22e+14 8e+12 -1.851e+15 -1.814e+15 9.4e+14 4.175e+15
229.908 50.5581 10 5 1.027e+16 1.171e+16 -4.82e+15 -1.102e+16 -8.09e+15 3.834e+16
239.72 39.4527 9.9 3.19 -2.44e+12 3.14e+12 -7e+11 -2.13e+13 -3.376e+13 -6.609e+13
237.21 38.8082 3.85 3.83 -3.059e+14 -2.335e+13 3.292e+14 -3.487e+14 -4.965e+14 8.23e+13
237.169 44.0895 7.95 4.14 5.4573e+14 -4.7416e+14 -7.157e+13 1.2551e+14 -6.296e+13 2.73e+14
230.042 44.4971 10 5.9 -1.367e+17 -3.616e+17 4.984e+17 2.143e+17 1.788e+17 -6.902e+17
230.348 44.5389 10 5.4 -6.42e+16 -7.58e+16 1.4e+17 -1.81e+16 -4.71e+16 -1.263e+17
230.189 44.4584 10 5.8 -1.274e+17 -3.256e+17 4.53e+17 -2.416e+17 2.28e+16 -4.241e+17
235.288 40.6508 19.99 4.34 1.738e+14 -3.782e+15 3.608e+15 -1.545e+14 -4.899e+14 1.443e+15
237.75 38.4317 12.83 4.09 -1.508e+14 -7.822e+14 9.331e+14 5.308e+13 -8.417e+13 1.467e+15
238.932 40.1672 6.4 2.9 -1.13e+13 -2.47e+13 3.61e+13 2.86e+13 -7.4e+12 -2.7e+13
229.039 51.479 18.5 4.1 -1.968e+14 7.712e+14 -5.743e+14 2.538e+14 3.515e+14 1.6264e+15
229.106 51.6381 21.37 4.6 1.46e+16 -4.42e+16 2.836e+16 -1.189e+16 2.915e+16 6.39e+15
229.229 51.6148 8 6.2 2.8e+17 -1.914e+18 1.634e+18 1.402e+18 2.33e+17 1.371e+18
232.849 40.4556 10 5.4 -9e+16 7.48e+16 1.52e+16 -3.98e+16 2.89e+16 -1.61e+17
232.956 43.3904 10 4.2 6.517e+14 -2.182e+15 1.5303e+15 6.858e+14 -9.303e+14 -1.0983e+15
233.843 40.418 19.88 4.7 -1.82e+14 1.055e+15 -8.73e+14 5.367e+15 -1.179e+15 -1.823e+16
239.979 39.3607 1.54 3.41 2.357e+13 -1.383e+14 1.147e+14 9.391e+13 4.539e+13 9.43e+12
230.7 50.5408 10 3.9 8.9e+12 -4.9e+12 -4.8e+12 -7e+11 -3e+11 4.5e+12
231.828 49.4154 13.08 5.1 -1.903e+16 -3.202e+16 5.106e+16 -2.841e+16 9.46e+15 -2.814e+16
238.938 40.1705 6.73 3.79 -7.842e+13 -5.181e+14 5.965e+14 1.63e+14 -8.291e+13 -1.177e+14
235.343 40.3293 13.92 3.79 1.745e+13 -3.626e+14 3.451e+14 9.452e+13 9.734e+13 -4.796e+14
237.19 38.8162 3.9 3.43 -8.981e+13 -6.75e+13 1.573e+14 -9.837e+13 2.52e+12 4.574e+13
231.141 49.0507 27.56 4.9 -5.407e+15 -7.971e+15 1.3379e+16 -1.5822e+16 -8.103e+15 -1.175e+15
229.525 50.538 10 4.4 -5.4e+13 -3.64e+14 4e+14 -1.55e+14 -1.2e+14 1.44e+14
230.08 50.2697 8.65 5.1 -1.642e+16 -1e+16 2.195e+16 -9.86e+15 -3.93e+16 -7.31e+15
239.247 47.2492 3.559 4.2 5.8815e+14 -7.5273e+14 1.6458e+14 -6.208e+13 -2.9117e+14 -2.6937e+14
235.411 40.3113 17.98 4.25 -2.401e+13 -5.365e+14 5.605e+14 3.987e+14 -3.831e+14 -2.812e+15
235.393 40.3178 17.17 5.73 3.054e+16 -2.424e+17 2.119e+17 1.509e+16 -1.233e+17 -4.231e+17
235.388 40.3195 16.62 4.28 1.126e+14 -8.504e+14 7.377e+14 4.515e+14 -7.422e+14 -3.011e+15
234.353 49.1709 24.64 4.8 -5.1e+15 -1.396e+16 1.906e+16 2.48e+15 4.52e+15 3.67e+15
229.546 50.579 10 4.5 6.6e+13 -3.76e+14 2.03e+14 -2.8e+13 -3.02e+14 5.41e+14
236.519 39.8105 9.12 3.27 -5.528e+13 -1.902e+13 7.43e+13 4.74e+12 -4.657e+13 6.553e+13
229.635 50.8632 10 5.4 -2.23e+16 -7.73e+16 9.97e+16 2.23e+16 -2.5e+15 9.02e+16
234.225 40.442 23.9 5.36 5.814e+15 -3.175e+16 2.593e+16 1.918e+16 -1.28e+16 -1.289e+17
228.753 51.3227 10 4.5 1e+13 -5.58e+14 4.69e+14 -1.31e+14 -4.5e+13 3e+14
235.483 40.2962 19.22 3.63 1.652e+13 -1.631e+14 1.465e+14 1.375e+13 -3.149e+13 -3.131e+14
229.873 50.9022 10 4.6 1.44e+14 -5.33e+14 4.8e+14 -4.28e+14 -1.45e+14 5.63e+14
229.475 50.746 10 4.5 5.1e+13 -3.12e+14 2.98e+14 -3.81e+14 5.67e+14 2.54e+14
229.757 51.0327 10 4.7 9e+14 -6.41e+15 6.96e+15 -1.057e+16 -3.39e+15 5.54e+15
229.5 50.7373 10 4.3 -1.1e+13 -2.64e+14 2.79e+14 -1.4e+14 -8e+13 6.2e+13
229.48 50.79 10 5.2 5.06e+15 -4.15e+16 4.92e+16 -3.26e+16 3.63e+16 1.29e+16
229.806 50.959 10 5.2 -1.35e+16 -3.7e+16 5.58e+16 -3.63e+16 -1.52e+16 3.13e+16
229.513 50.7361 10 4.7 1.54e+15 -1.09e+16 9.71e+15 -2.53e+15 7.84e+15 4.35e+15
229.506 50.722 10 4.4 -5.9e+13 -5.21e+14 4.97e+14 1.29e+14 -5.2e+13 4.6e+13
232.689 41.0051 10 4.6 4.9158e+15 -9.6897e+15 4.7738e+15 1.7938e+15 2.452e+15 -2.8967e+15
230.701 48.8697 10 4.7 -2.1e+15 -1.23e+15 2.71e+15 -1.301e+16 1e+13 3.49e+15
234.616 40.388 24.38 4.29 -3.559e+14 -2.165e+14 5.725e+14 6.25e+14 -5.945e+14 -3.268e+15
231.453 43.8195 10 5.2 -6.671e+16 1.58e+15 6.513e+16 7.63e+15 -5.493e+16 1.289e+16
238.521 40.4007 6.08 3.85 -5.702e+14 -1.65e+12 5.719e+14 4.516e+13 -3.972e+14 -2.728e+14
237.232 38.8017 2.22 3.59 -7.07e+12 -1.075e+13 1.783e+13 -1.216e+14 -5.159e+13 2.751e+14
235.627 40.2673 22.55 4.24 2.4e+15 -2.951e+15 5.504e+14 1.898e+13 -7.367e+14 -2.366e+14
234.561 40.4103 24.32 3.64 -3.207e+14 3.615e+14 -4.07e+13 -3.65e+13 9.5e+13 7.28e+13
236.514 39.3172 3.83 3.93 -8.82e+12 -8.308e+14 8.397e+14 4.42e+12 -8.236e+13 4.69e+14
234.582 40.634 22.56 3.85 -6.521e+13 -6.897e+14 7.549e+14 -2.682e+13 6.797e+13 -1.686e+14
233.817 41.9018 24.73 4.3 5.7e+14 -3.213e+15 2.643e+15 6.07e+14 -9.64e+14 -1.846e+15
236.991 47.5613 16.201 3.98 2.6589e+14 -5.4549e+14 2.796e+14 -1.852e+13 -1.7107e+14 8.821e+13
236.867 39.7522 8.31 3.55 2.639e+14 -2.261e+14 -3.778e+13 -4.953e+13 1.016e+13 8.427e+13
239.899 39.2353 6.3 3.4 -1.32e+13 -1.501e+14 1.633e+14 -3.9e+13 1.04e+13 4.1e+12
230.152 50.677 10 4.9 -8.3e+15 -2.398e+16 2.586e+16 -1.081e+16 -1.147e+16 2.7e+14
229.785 50.498 10 4.5 -4.85e+15 -1.41e+15 5.41e+15 -2.41e+15 -2.69e+15 2.24e+15
229.555 50.546 10 4.5 -6.08e+15 1.29e+15 4.68e+15 -1.18e+15 -3.13e+15 2.5e+15
237.677 38.2557 8.21 3.03 -5.87e+12 -1.646e+13 2.233e+13 -1.921e+13 -2.75e+12 3.406e+13
237.202 47.4582 26.406 3.53 4.59e+13 -8.51e+13 3.92e+13 -9e+11 5.13e+13 3.83e+13
233.095 43.407 10 4.6 4.1555e+15 -1.01996e+16 6.0442e+15 -1.8827e+15 -2.1475e+15 2.911e+15
235.746 40.5565 24.1 3.2 -2.82e+13 -4.612e+13 7.432e+13 -3.926e+13 2.016e+13 -3.31e+12
235.58 40.3455 18.4 4.1 3.028e+14 -2.127e+15 1.824e+15 -3.874e+14 -3.243e+14 -7.969e+13
238.839 40.2367 7.5 3.7 -3.154e+14 -3.61e+13 3.515e+14 7.661e+13 7.044e+13 -1.885e+14
232.15 49.8242 10 3.9 -7.6e+12 4.9e+12 2.5e+12 1.6e+12 -1.1e+12 3.1e+12
232.159 49.632 10 4.1 -3.6e+13 -2e+12 5.4e+13 -1.31e+14 -8.5e+13 1.2e+13
232.218 49.55 10 4 4.7e+13 -8.2e+13 5.4e+13 -8.9e+13 -4.8e+13 -7e+12
232.216 49.6074 10 4.4 2.83e+14 -3.3e+14 6.6e+13 -2.75e+14 -9.4e+13 2.55e+14
232.174 49.61 10 4.8 1.522e+16 -9.24e+15 -3.37e+15 1.45e+16 4.05e+15 -5.66e+15
232.212 49.5441 10 4.7 8.47e+15 -1.223e+16 2.92e+15 -5.15e+15 4.92e+15 -8.12e+15
232.327 49.4739 10 4.3 -4.26e+16 1.73e+16 2.101e+16 -2.875e+16 -1.102e+16 1.769e+16
232.268 49.6388 10 6.5 -1.003e+18 -4.785e+18 5.788e+18 2.534e+18 -2.31e+17 5.229e+18
237.746 38.4493 8.2 3.6 -9.149e+13 -1.579e+14 2.493e+14 -9.206e+13 1.223e+14 2.281e+14
237.21 39.2788 7.5 3.3 1.811e+13 -9.516e+13 7.706e+13 5.652e+13 6.96e+13 1.869e+13
230.792 49.2167 10 4.7 -6.839e+15 -9.189e+15 1.6028e+16 7.79e+14 1.721e+15 -4.024e+15
235.487 40.3068 7.2 3.8 3.774e+14 1.542e+14 -5.316e+14 2.257e+14 -2.672e+14 -3.203e+14
234.667 40.6863 23.2 4.4 2.449e+14 -3.105e+15 2.86e+15 1.257e+15 -9.184e+14 -3.68e+15
234.978 40.8585 24.4 4 -2.706e+14 -1.006e+15 1.276e+15 -5.083e+14 1.622e+14 -1.94e+14
235.39 40.3482 19.5 4 2.541e+14 -1.25e+15 9.964e+14 6.44e+12 1.017e+14 -5.116e+14
233.102 41.9039 10 5.5 -1.729e+17 1.77e+16 1.552e+17 -6.32e+16 -1.263e+17 -1.63e+16
235.125 40.4483 7.9 3.7 4.484e+13 2.906e+14 -3.355e+14 1.113e+14 5.158e+13 -1.518e+14
234.702 40.6612 22 3.5 9.17e+13 -2.13e+14 1.213e+14 3.99e+13 1.82e+13 8.59e+13
234.808 40.7778 19.3 4.5 1.172e+15 -5.504e+15 4.332e+15 -4.245e+13 2.451e+15 -2.713e+15
234.878 40.8262 21.4 3.7 -1.302e+14 1.494e+14 -1.92e+13 -3.061e+14 -2.707e+14 1.651e+14
234.79 40.7638 24.5 3.6 1.872e+14 -3.278e+14 1.406e+14 1.19e+14 3.1e+12 -2.399e+14
234.866 40.8287 16.6 6.8 -7.508e+17 -1.913e+19 1.988e+19 2.941e+18 -2.393e+18 2.055e+18
235.49 40.2918 13.9 3.6 -2.192e+14 2.884e+14 -6.923e+13 -8.687e+13 -1.171e+13 -5.237e+13
234.659 40.411 23.8 4.6 -8.863e+14 -2.764e+15 3.651e+15 -2.56e+15 -1.926e+15 -9.855e+15
237.161 38.8393 2.5 3.7 -2.119e+14 -1.49e+14 3.61e+14 -2.017e+14 9.103e+13 3.449e+14
237.184 38.8135 2.6 4.5 -5.726e+15 -3.145e+15 8.871e+15 3.554e+14 1.634e+14 3.247e+15
237.259 38.7867 2.2 3.3 -7.12e+12 -3.06e+12 1.019e+13 1.92e+12 1.48e+12 2.73e+12
235.547 40.29 20.3 4 2.012e+13 -4.671e+14 4.47e+14 1.742e+14 -1.028e+14 -1.217e+15
235.177 40.5145 10.3 4.3 9.703e+13 -3.462e+15 3.365e+15 -1.459e+14 -6.149e+14 -6.973e+14
235.494 40.6915 17.8 4.1 -6.206e+13 -1.116e+15 1.178e+15 -3.172e+14 3.716e+14 1.365e+15
232.189 49.2634 5 4.6 -8.8e+14 -9.25e+15 9.9e+15 1.28e+15 3.85e+15 4.25e+15
240.001 39.348 7.2251 2.97 -4.5e+12 -4.57e+13 5.02e+13 1.68e+13 -6.7e+12 8.9e+12
237.61 38.6762 10.3 3.7 4.146e+13 -3.03e+14 2.616e+14 -1.482e+14 -6.635e+13 1.768e+14
233.122 41.6832 10.09 5.5 -1.648e+17 6.9e+15 1.579e+17 -4.07e+16 -1.825e+17 1.27e+16
236.285 40.3697 29.5 3.4 -1.774e+13 -1.326e+14 1.503e+14 -4.704e+13 -2.457e+13 5.823e+13
235.439 40.3058 17.1 3.7 7.08e+12 -2.084e+14 2.013e+14 3.65e+13 1.471e+14 -2.695e+14
237.239 38.7877 2.5 3.4 -7.114e+13 -1.184e+14 1.896e+14 5.358e+13 -9.6e+12 -1.765e+13
229.811 50.039 10 5 -2.36e+16 -1.142e+16 2.65e+16 -1.24e+16 -2.66e+16 -1.26e+15
234.709 41.3257 12 4.7 3.158e+14 -1.033e+16 1.001e+16 -4.776e+14 -1.26e+15 -5.555e+15
236.447 39.7397 6.6 2.9 2.29e+12 -8.136e+13 7.907e+13 8.8e+11 -7.56e+12 3.022e+13
235.25 40.9835 8.7 4.9 1.516e+15 -3.216e+16 3.064e+16 -3.264e+15 -2.641e+15 6.54e+15
235.847 40.4365 26.3 3.9 -5.489e+13 -7.913e+14 8.462e+14 2.328e+14 6.03e+12 1.969e+14
237.2 38.8328 2 3.1 -4.39e+13 -6.37e+12 5.027e+13 -2.907e+13 -1.347e+13 1.722e+13
236.593 40.455 34.5 3.8 -6.416e+14 1.673e+14 4.742e+14 3.098e+14 -1.461e+13 3.12e+14
234.567 40.8052 17 4 5.58e+14 -1.256e+15 6.982e+14 7.966e+14 2.468e+14 2.559e+14
229.501 51.043 10 4.3 6.9e+13 -2.98e+14 2.34e+14 -1.38e+14 -7.6e+13 1.46e+14
229.491 51.0831 10 4.2 -1.5e+06 1.9e+06 300000 9.4e+06 -1.26e+07 2.44e+07
229.775 51.1832 9.92 6 -2.93e+17 2.43e+17 5e+16 5.04e+17 -5.98e+17 9.18e+17
229.78 51.3277 9.85 5.5 -2e+15 -7.2e+16 7.4e+16 5.29e+16 -7.43e+16 1.74e+17
229.7 51.2548 10.15 5.1 1.35e+16 -2.52e+16 1.17e+16 1.65e+16 -5.1e+16 9.75e+16
229.829 51.2359 14.84 4.5 4.1e+15 -2.949e+16 1.777e+16 -5.014e+16 -2.164e+16 3.071e+16
229.603 51.244 2.73 6.1 -6e+16 -6.1e+17 6.7e+17 3.6e+17 -8e+16 1.26e+18
237.287 38.762 1.9 3.8 -6.182e+14 8.259e+13 5.357e+14 -6.3e+12 6.23e+13 -1.781e+14
237.283 47.3658 13.26 3.6 5.51e+13 -2.28e+13 -3.23e+13 -2.97e+13 -3.35e+13 6.33e+13
238.972 40.16 1.4 3.6 -2.677e+14 -1.529e+13 2.83e+14 1.485e+14 -2.812e+13 -1.373e+14
238.97 40.1453 0.4 3.4 -1.103e+14 1.352e+13 9.678e+13 1.291e+14 2.026e+13 -7.177e+13
233.207 41.802 5 4.3 -2.941e+15 7.966e+14 2.1443e+15 -6.167e+14 -1.5745e+15 -1.63e+13
232.571 49.6614 10 5.5 -2.011e+16 -6.325e+16 8.336e+16 1.8562e+17 -1.0792e+17 -2.777e+16
235.598 40.8082 20.5 4.5 -6.322e+13 -5.506e+15 5.57e+15 -1.822e+15 -1.152e+15 2.345e+15
230.01 50.325 21.5 4.6 2.4e+14 -4.52e+15 4.31e+15 7e+14 -5.1e+14 8.62e+15
230.032 50.392 10 5.1 -2.4e+15 -1.11e+16 -1.3e+16 -1.44e+16 -1.31e+16 5.63e+16
237.189 38.8102 1.3 3.3 -7.863e+13 -1.082e+13 8.945e+13 -2.542e+13 1.377e+13 3.14e+13
237.265 38.4482 8.7 2.9 -3.65e+12 -2.087e+13 2.452e+13 7.68e+12 -3.42e+12 4.78e+12
233.569 43.294 15.6 4.6 1.59e+15 6.5e+14 -2.24e+15 3.54e+15 -2.8e+15 -7.67e+15
234.945 41.0935 22 3.5 2.019e+13 -2.002e+14 1.8e+14 -7.253e+13 -7.958e+13 1.488e+13
237.181 38.8088 1.8 3.1 -1.67e+14 -3.4e+13 2.01e+14 -9.3e+13 -1e+13 6.8e+13
237.205 38.8082 3.5 3.7 -5.856e+13 -1.226e+14 1.811e+14 -5.03e+13 -3.295e+13 3.647e+14
238.976 40.2077 2.6 3.4 -1.357e+13 -1.072e+14 1.208e+14 3.535e+13 6.78e+12 -4.927e+13
239.311 47.8242 7.51 4.27 1.03e+14 -4.51e+14 3.48e+14 3.46e+14 1.16e+14 1.29e+14
229.482 50.758 10 4.1 -9.3e+14 -1.25e+15 1.89e+15 -9.2e+14 -3.5e+14 5.2e+14
236.624 41.3455 34.6 3.8 -5.396e+14 1.785e+14 3.611e+14 1.207e+14 -3.654e+13 -3.231e+14
238.888 40.2115 9.5 3.7 -3.59e+14 -5.082e+13 4.098e+14 2.219e+14 -1.852e+13 -1.825e+14
238.905 40.1837 4.8 3.6 -1.955e+13 -6.703e+13 8.658e+13 3.506e+13 1.001e+14 -2.43e+14
238.951 40.192 11.5 3.4 -9e+12 -1.1e+14 1.18e+14 4.6e+13 -1.4e+13 -6.8e+13
238.949 40.1793 7.9 3.5 -1.179e+14 3.2e+12 1.147e+14 6.175e+13 9.19e+13 -1.24e+14
238.949 40.179 7.9 3.5 -1.18e+14 3e+12 1.15e+14 6.2e+13 9.2e+13 -1.24e+14
238.94 40.1918 9.7 5.7 -1.645e+17 -8.59e+16 2.504e+17 2.106e+17 2.816e+16 -3.002e+17
235.51 40.4232 25.1 3.8 6.758e+13 -5.234e+14 4.559e+14 -5.814e+13 1.756e+14 -2.531e+14
235.54 40.2858 23.6 4.3 6.548e+14 -3.079e+15 2.424e+15 2.866e+14 -1.386e+15 -9.785e+14
235.409 40.3305 20.2 3.7 9.536e+13 -3.193e+14 2.24e+14 1.164e+14 -1.559e+14 -2.643e+14
235.616 40.297 8.8 3.9 -2.396e+13 -2.438e+14 2.678e+14 8.054e+13 1.988e+14 -6.939e+14
233.847 40.467 9.643 5.1 -4e+13 -5.16e+15 5.2e+15 -3.8e+14 -4e+14 -5.37e+15
235.031 40.6138 14 4.3 6.9e+14 -2.37e+15 1.68e+15 1.67e+15 -1.14e+15 -1.8e+15
229.557 51.421 10 4.3 -6.9e+14 -3.4e+15 2.82e+15 -1e+15 -4.9e+14 9e+14
237.203 38.827 3.6 3.9 -4.14e+14 -3.91e+14 8.05e+14 -4.93e+14 -7.4e+13 9.3e+13
237.214 38.8123 2.2 4.5 -1.95e+15 -3.83e+15 5.77e+15 -2.45e+15 7.2e+14 5.14e+15
235.332 40.3123 14.4 4.2 -2e+13 -1.88e+15 1.9e+15 8e+13 3e+14 -1.34e+15
233.436 43.22 10 5.2 -1.4e+16 -5.35e+16 6.75e+16 -7.5e+15 -2.68e+16 -3.99e+16
236.455 39.6747 6.1 3.4 -2.9e+13 -9.6e+13 1.25e+14 6.6e+13 -9e+12 3.7e+13
233.994 40.452 15.3 3.8 -1.36e+14 3.06e+14 -1.7e+14 1.4e+13 -1.91e+14 -6.12e+14
232.38 43.638 10 5.4 5e+15 -9.2e+16 8.7e+16 -2e+15 1.6e+16 -1e+17
236.375 39.818 6.3 3.5 1.4e+13 -1.36e+14 1.23e+14 -4.3e+13 8.7e+13 9e+13
234.364 40.442 17.9 4 -3e+13 -4.1e+14 4.4e+14 0 -4.5e+14 -1.17e+15
229.291 50.861 10 4.3 8e+14 -3.55e+15 2.64e+15 -6.9e+14 -3.4e+14 1.38e+15
234.684 40.388 16.1 4 2.3e+14 -3.8e+14 1.5e+14 3.5e+14 -3.3e+14 -1.18e+15
236.433 39.781 9.3 3.3 -1.8e+13 -8.4e+13 1.01e+14 -5.3e+13 3e+13 -3.2e+13
229.97 49.719 10 4.3 4e+14 -3.36e+15 3.43e+15 -3e+13 2e+15 -6.1e+14
231.26 49.113 10 4.5 -7.28e+15 2.5e+15 4.62e+15 -3.97e+15 -1.44e+15 2.86e+15
230.21 50.743 10 4.5 -8.7e+14 -5.35e+15 5.87e+15 2.5e+14 -2.86e+15 2.04e+15
235.641 40.28 19.4 3.8 -3e+12 -2.62e+14 2.66e+14 7.5e+13 -6.5e+13 -5.4e+14
237.237 38.788 2.3 3.1 -9.4e+12 -4.11e+13 5.05e+13 -9.1e+12 9.1e+12 2.35e+13
237.203 38.822 4.1 3.7 -2.12e+14 4e+13 1.71e+14 -1.05e+14 -3.18e+14 2.32e+14
235.502 40.295 20 3.5 7.8e+13 -6.9e+13 -9e+12 -3.8e+13 -1.24e+14 -1.92e+14
237.21 38.811 4 3.3 -9.1e+13 -2.4e+12 9.34e+13 -2.95e+13 5.3e+12 4.18e+13
234.839 40.625 9 3.7 -2.43e+14 -1.75e+14 4.18e+14 -1.6e+14 -1.93e+14 -1.64e+14
236.91 39.046 3 3.3 3.6e+13 -1.01e+14 6.5e+13 3.7e+13 2.9e+13 6.3e+13
231.863 49.38 10 4.7 0 -3.71e+15 3.71e+15 4.27e+15 -2.58e+15 -7.4e+14
231.523 49.231 13.7 6.1 -1.7e+17 -1.84e+18 2.02e+18 4.3e+17 0 -3.3e+17
229.145 51.671 4.9 4.3 -1.03e+15 -2.69e+15 2.63e+15 -4.8e+14 -2.1e+14 1.39e+15
236.301 40.974 12.6 3.2 6.16e+13 -3.46e+13 -2.71e+13 -1.28e+13 4.28e+13 3.97e+13
230.223 50.795 10 4.5 -6.43e+15 6.74e+15 3.1e+14 -1.51e+15 2.1e+14 -1.43e+15
235.468 40.299 8.7 3.7 -2.3e+13 -8.6e+13 1.09e+14 -5e+13 -1.5e+13 -4.17e+14
236.066 40.901 21.9 3.6 -2.69e+14 1.02e+14 1.67e+14 -1.1e+13 3.8e+13 1.2e+14
234.728 40.645 23.4 4 -4.1e+14 -6.5e+14 1.06e+15 -6.6e+14 1.1e+14 -5.3e+14
234.718 41.078 25.7 3.8 6e+12 -2.82e+14 2.76e+14 2.85e+14 -1.3e+13 -5.86e+14
236.835 39.168 11.5 4.5 8e+14 -6.53e+15 5.74e+15 2.13e+15 1.3e+15 3.19e+15
235.569 40.465 23.7 3.5 -1.9e+13 -1.6e+14 1.8e+14 -2.2e+13 2e+12 -1.53e+14
237.19 38.808 0.7 2.9 -9.7e+12 -1.52e+13 2.49e+13 9.7e+12 -6.5e+12 9.3e+12
237.234 38.793 3.005 3.4 -7.2e+13 -9e+13 1.62e+14 -7.7e+13 -1.2e+13 -6.8e+13
235.837 40.437 26.773 4 -3e+13 -9.8e+14 1.01e+15 1.9e+14 -9e+13 3.6e+14
235.832 40.445 22.45 4.4 -4.7e+14 -4.97e+15 5.44e+15 -1.09e+15 -1.2e+14 1.08e+15
236.422 38.792 10.5 3.1 5.23e+13 -5.29e+13 6e+11 1.52e+13 -2.22e+13 1.29e+13
231.381 47.789 10 5.6 -3.2e+16 -2.64e+17 2.96e+17 -1.12e+17 1.61e+17 -3.2e+16
234.803 40.763 24.8 4.4 6.4e+14 -3.87e+15 3.23e+15 1.57e+15 -1.37e+15 -2.18e+15
237.279 38.778 2.1 3.2 -7.48e+13 -8.8e+12 8.36e+13 3.57e+13 3.19e+13 -4.5e+12
234.62 40.386 26.9 3.5 1e+13 -3.8e+13 2.9e+13 -3.5e+13 6e+12 -2.05e+14
234.766 40.43 -0.46 5.2 -9.2e+15 -4.9e+15 1.41e+16 3e+15 -1.08e+16 -7.46e+16
234.472 40.385 25 5.1 3.7e+15 -1.24e+16 8.8e+15 1.03e+16 -5.9e+15 -5.17e+16
236.321 40.747 30.4 4 1e+13 -1.11e+15 1.1e+15 3.2e+14 -1.9e+14 -2.1e+14
237.204 38.819 3.603 3.8 -5.17e+14 -2.2e+14 7.37e+14 -3.72e+14 -1.45e+14 1.13e+14
236.196 39.48 7.801 4.4 -1.38e+15 -2.66e+15 4.04e+15 1.72e+15 -3.41e+15 1.44e+15
230.337 50.632 10 4.6 -5.7e+14 -9.16e+15 9.05e+15 -2.57e+15 -3.15e+15 9.8e+14
236.652 39.778 10.501 3.6 3.5e+13 -2.67e+14 2.33e+14 -3.3e+13 7.5e+13 -7.2e+13
234.8 40.727 7.3 4 1.9e+14 -1.17e+15 9.7e+14 1.9e+14 3.1e+14 7e+13
231.051 49.48 10 4.8 9e+15 -1.09e+16 8.7e+15 -8.5e+15 -8.4e+15 1.2e+15
236.684 39.463 8.7 3.5 6.1e+13 -1.15e+14 5.4e+13 9.9e+13 4.8e+13 1.33e+14
240.01 39.318 6.065 4.2 3e+13 -5.4e+14 5.2e+14 -1e+14 4.5e+14 -1.13e+15
236.532 40.871 23.8 3.4 -7.52e+13 -2.26e+13 9.77e+13 -9.93e+13 -6.41e+13 4.76e+13
235.107 41.004 1.9 3.6 5.8e+13 -2.78e+14 2.2e+14 -3.3e+13 -1.9e+13 -8.3e+13
229.744 50.041 10 4.4 -2.32e+15 -1.97e+15 4.13e+15 1.31e+15 -3.23e+15 8.1e+14
234.577 40.391 24.4 4.1 2.3e+14 -3.2e+14 9e+13 3e+14 -2.1e+14 -1.58e+15
237.224 38.787 3.7 3.9 5e+13 -3.04e+14 2.54e+14 -8.1e+13 -2.59e+14 7.95e+14
237.224 38.799 0.8 3.3 -3.1e+13 3.9e+13 -8e+12 1.6e+13 -3.5e+13 1.18e+14
237.24 38.796 2.8 4.4 -1.8e+15 -3.82e+15 5.62e+15 2.7e+15 -8.6e+14 9.4e+14
229.786 50.458 10 4.2 -2.8e+14 -2.23e+15 2.59e+15 7.5e+14 -6.3e+14 5.4e+14
229.661 50.566 10 4.8 -3e+15 -1.24e+16 1.82e+16 -6e+15 -4.8e+15 5.8e+15
229.892 50.486 10 4.7 -1.8e+15 -1.15e+16 8.6e+15 -5.2e+15 -5.3e+15 2e+15
229.81 50.46 10 4.3 8e+13 -3.53e+15 3.71e+15 -1.51e+15 4.1e+14 1.32e+15
229.81 50.42 10 4.5 -2.8e+14 -4.33e+15 4.75e+15 -3.46e+15 -3.27e+15 2.34e+15
229.936 50.494 10 4.9 -1.1e+15 -1.71e+16 2e+16 -1.15e+16 -9.3e+15 4.8e+15
229.916 50.465 10 4.2 -4.7e+14 -1.94e+15 2.3e+15 -7.8e+14 -6.6e+14 6e+13
234.989 40.382 13 3.8 -1.48e+14 -3.17e+14 4.65e+14 -7.9e+13 2.6e+13 -5.51e+14
235.578 40.974 19.8 4.1 -2.2e+14 -1.42e+15 1.64e+15 -2.4e+14 -4.8e+14 1.35e+15
232.362 43.584 8 6 6.8e+16 -3.56e+17 2.88e+17 4.2e+16 -1.42e+17 -2.99e+17
235.413 40.411 22.8 3.6 1.1e+13 -3.12e+14 3.01e+14 7.1e+13 -2.8e+13 4.6e+13
237.234 38.833 1.5 3.1 -4.43e+13 -7.2e+12 5.15e+13 -1.47e+13 7.4e+12 4.3e+12
237.422 39.012 0 3.4 -5.9e+13 -4.6e+13 1.04e+14 -6.6e+13 -2.1e+13 1.15e+14
229.799 50.462 10 4.1 9e+13 -1.95e+15 1.71e+15 -1.7e+14 0 5.2e+14
236.207 41.143 31.4 3.7 -1.92e+14 1.4e+13 1.78e+14 1.1e+14 -3.94e+14 -2.33e+14
235.677 40.286 20 4.3 -2e+13 -9.3e+14 9.5e+14 5.1e+14 -3.9e+14 -3.04e+15
232.383 49.089 10 4.7 3.4e+15 -1.49e+16 1.38e+16 5.4e+15 -1.9e+15 -4.8e+15
232.482 43.625 11 5.8 -1.5e+16 -4.23e+17 4.38e+17 -8e+15 2.15e+17 -5.22e+17
236.21 41.143 28.2 5.6 -2.99e+17 3.3e+16 2.66e+17 6e+16 -5e+15 1.28e+17
237.303 38.8225 -0.277 4.3 -1.47e+15 -2e+15 3.46e+15 9e+13 9e+13 1.34e+15
232.36 48.939 14.3 4.8 -8e+14 -1.1e+16 1.26e+16 -6.9e+15 9.8e+15 2.8e+15
232.094 48.887 14.6 5.6 1e+15 -1.49e+17 1.49e+17 6.8e+16 -7.8e+16 -2.46e+17
237.201 38.825 4 3.3 -7.6e+13 -9.3e+12 8.53e+13 -6.68e+13 -2.34e+13 3.74e+13
237.307 38.969 3.1 3.8 6e+12 -4.5e+14 4.44e+14 -1.2e+13 7.1e+13 4.23e+14
235.217 40.528 24 4.3 -5.9e+14 -2.67e+15 3.25e+15 -5.6e+14 4e+13 -1.28e+15
229.28 51.076 10 5.2 -4.7e+15 1.3e+15 3.7e+15 -7.9e+16 -3.25e+16 1.51e+16
234.413 40.415 14 4 -2e+13 -2.1e+14 2.3e+14 2.9e+14 -2e+13 -1.3e+15
229.87 50.45 10 5 -4.5e+15 -3.32e+16 3.77e+16 2.3e+15 3.9e+15 1.09e+16
233.899 40.412 10 3.9 -2.5e+14 3.6e+13 2.14e+14 1.04e+14 -2.47e+14 -9.72e+14
239.528 39.615 15.1 3.8 1.43e+14 -6.18e+14 4.75e+14 5.4e+13 2.55e+14 1.32e+14
239.53 39.604 13.365 4.7 3.6e+15 -2.89e+16 2.54e+16 1.2e+15 -6e+14 6.7e+15
232.865 43.462 20.6 5.6 -2.4e+16 -1.59e+17 1.83e+17 -8.1e+16 -3.7e+16 -1.83e+17
229.64 50.49 10 4.4 -3.45e+15 -1.68e+15 4.97e+15 -2.22e+15 -1.47e+15 7e+14
237.611 38.603 7.5 3.4 6.3e+13 -1.52e+14 8.9e+13 -2.3e+13 -7.4e+13 8.4e+13
230.645 48.928 10 4.5 2.95e+15 -6.74e+15 4.35e+15 -3.3e+14 -2.44e+15 -9.1e+14
237.196 38.826 3.8 3.4 -7.63e+13 2.56e+13 5.07e+13 1.66e+13 -8.28e+13 9.97e+13
232.806 49.421 35.2 4.1 -3.4e+14 -1.08e+15 1.66e+15 4e+14 -4.4e+14 6.5e+14
229.655 50.58 10 4.6 -2e+14 -7.4e+15 1.02e+16 -2.6e+15 -3.7e+15 2.6e+15
233.107 49.535 22 6.4 -1.68e+18 -1.28e+18 2.95e+18 1.05e+18 -1.81e+18 3.89e+18
228.943 51.39 10 4.5 6.1e+14 -5.7e+15 5.2e+15 9.1e+14 -5e+13 -5.64e+15
232.73 43.558 10 4.8 1.9e+15 -1.96e+16 1.77e+16 -7.2e+15 -1.2e+15 -9e+15
229.283 51.747 10 5.1 5e+15 -2.32e+16 1.81e+16 1.66e+16 -4.2e+15 4.04e+16
228.992 51.425 10 4.9 -1e+15 -1.43e+16 1.53e+16 2.48e+16 3.7e+15 2.95e+16
237.253 38.791 3 3.7 -3.5e+13 -3.5e+13 7e+13 6e+12 -6e+12 4e+14
234.834 41.027 21 4.1 1.4e+14 -1.51e+15 1.37e+15 5.4e+14 -3.2e+14 -8.6e+14
239.506 41.519 17.4 3.4 -2.3e+13 -1.1e+14 1.32e+14 5.2e+13 -3.8e+13 -1.9e+13
231.091 44.13 10 4.8 -1.95e+16 -9e+14 2.04e+16 -2.1e+15 2.9e+15 -3e+15
235.041 40.398 8.8 3.5 1e+14 -8.5e+13 -1.5e+13 -5.9e+13 -1.82e+14 -1.51e+14
236.822 47.708 42.3 3.8 -5.02e+14 5.81e+14 -7.9e+13 3.7e+13 -2.06e+14 7e+13
234.411 40.319 21 3.3 1.5e+13 -4.1e+13 2.5e+13 3.5e+13 -1.8e+13 -1.13e+14
237.285 38.743 1.705 3.4 -1.22e+14 1.13e+14 9e+12 1.1e+13 1.4e+13 -1.7e+13
233.003 41.88 10 5.2 -8.01e+16 -2.7e+15 8.28e+16 7.3e+15 -3.73e+16 -7.9e+15
235.622 40.295 19.8 3.7 -2.4e+13 -1.31e+14 1.55e+14 3.6e+13 -2.1e+13 -4.04e+14
237.238 38.793 3.7 3.7 -1.09e+14 -3.82e+14 4.9e+14 8e+12 1.51e+14 -1.72e+14
232.966 43.525 10 4.9 -1.1e+15 -1.95e+16 2.06e+16 -8.5e+15 2.6e+15 -1.72e+16
236.819 39.229 9.1 3.7 -1.08e+14 -3.13e+14 4.2e+14 1.56e+14 1.22e+14 -2.77e+14
237.063 39.462 15.9 3.4 -2.4e+13 -9.3e+13 1.17e+14 -2.4e+13 -2.3e+13 1.1e+14
237.183 38.813 3.5 3.9 -1.48e+14 -9.3e+13 2.41e+14 -1.56e+14 2e+13 8.48e+14
239.014 40.2217 10.7034 3.27 -7.7e+13 -3.1e+13 1.08e+14 3.8e+13 -2e+12 3e+12
237.206 38.832 2.7 3.4 -1.05e+14 1.8e+13 8.7e+13 -6.4e+13 1.9e+13 9.1e+13
236.045 40.813 29.7 3.2 -1.2e+13 -6.93e+13 8.14e+13 3.19e+13 -2.01e+13 -3.81e+13
234.1 40.457 21.2 3.9 7.4e+13 -3.16e+14 2.42e+14 3.4e+13 -1.65e+14 -8.27e+14
235.782 40.427 25.8 3.6 -4.4e+13 -2.47e+14 2.92e+14 1.27e+14 4.2e+13 -7.3e+13
239.954 40.0615 10.9 3.6 5e+12 -1.42e+14 1.37e+14 2.9e+13 6e+12 -1.61e+14
236.583 39.122 5.2 3.5 5e+12 -1.04e+14 9.9e+13 0 6e+13 1.64e+14
231.379 49.665 10 4.6 -6.51e+15 -1.95e+15 6.86e+15 -4.22e+15 -5.84e+15 -3.22e+15
230.554 44.318 10 5.1 -4.69e+16 1.33e+16 3.36e+16 1.2e+16 -7.5e+15 -2.73e+16
230.568 44.289 10 5 -2.89e+16 5.8e+15 2.31e+16 1.1e+16 1.08e+16 -1.74e+16
230.624 44.373 10 5 -3.85e+16 5.1e+15 3.34e+16 -5e+14 1.41e+16 -2.47e+16
234.573 40.455 2.6 4.5 1.61e+15 -2.57e+15 9.6e+14 2.18e+15 -5.6e+14 -7.4e+15
229.77 50.243 10 4.5 3.27e+15 -4.97e+15 1.19e+15 -6.99e+15 -5.8e+14 8.4e+14
237.182 38.814 1.78 4.5 -4e+15 -2.01e+15 6e+15 1.27e+15 -7e+14 1.04e+15
237.044 39.494 11.3 4.2 -5.1e+14 -1.57e+15 2.08e+15 -2.1e+14 -3.6e+14 1.72e+15
237.052 39.499 12.8 4.3 -6.4e+14 -2.18e+15 2.82e+15 2.1e+14 -1.01e+15 2.09e+15
237.788 46.282 5.6 3.8 -2.53e+14 -2.35e+14 4.88e+14 -7.3e+13 -1.42e+14 5.64e+14
232.687 43.541 10 5.4 -6e+15 -9.6e+16 1.02e+17 -1.3e+16 -1.4e+16 -1.06e+17
232.269 43.719 10 4.8 1.8e+15 -1.54e+16 1.37e+16 -6.1e+15 6.8e+15 -1.34e+16
229.702 50.748 10 4.6 1.5e+15 -1.04e+16 9.8e+15 -1.6e+15 -2e+15 -3.4e+15
229.576 50.624 10 4.7 -8.58e+15 8.16e+15 9.7e+14 -7.89e+15 -5.96e+15 4.6e+14
229.745 50.399 10 4.2 2.6e+14 -2.89e+15 2.4e+15 -4.1e+14 -8.4e+14 9e+13
236.132 40.544 25.3 3.7 -2.1e+14 -1.63e+14 3.72e+14 1.98e+14 -1.78e+14 4.2e+13
237.258 38.79 1.7 3.6 -1.1e+14 -1.54e+14 2.65e+14 -1e+13 -3.2e+13 1.94e+14
229.154 51.393 10 4 -6.9e+14 -1.8e+14 2.9e+14 -9.4e+14 1.7e+14 8.9e+14
234.723 40.354 20.2 3.9 4e+13 -6e+13 1e+13 9e+13 -9e+13 -1.02e+15
237.201 38.804 1.5 3.7 -1.65e+14 -2.91e+14 4.56e+14 -1.99e+14 -1.07e+14 5e+13
232.77 43.571 10 5 -2.77e+15 -3.13e+16 3.41e+16 -6.7e+15 3.23e+15 -2.6e+16
239.519 39.88 8.2 3.6 -6.4e+13 -1.82e+14 2.46e+14 6.5e+13 2.08e+14 -1.86e+14
238.276 40.561 5.7 3.5 -1.28e+14 -3.5e+13 1.63e+14 -7e+13 1.26e+14 2.6e+13
237.565 46.561 14.7 4.1 5.7e+14 -1.18e+15 6.1e+14 -7.9e+14 -6.4e+14 3.8e+14
230.854 47.89 10 4.2 -1.98e+15 -7e+14 2.68e+15 1e+13 -7.1e+14 9.8e+14
237.208 38.835 1.2 3.5 -2.46e+14 7.3e+13 1.73e+14 -3.8e+13 -4e+13 1.16e+14
236.042 40.733 21.2 3.4 -7.6e+13 -9.7e+13 1.73e+14 -9.1e+13 -1.7e+13 6e+12
239.911 39.341 6.303 3.1 -1.04e+13 -4.24e+13 5.28e+13 2.14e+13 7.8e+12 -2.6e+12
232.962 41.936 10 4.8 -1.82e+16 2.75e+15 1.55e+16 -5.33e+15 -2.34e+15 1.9e+14
229.556 50.712 10 4.3 -4.2e+14 -2.1e+15 3.25e+15 2.6e+14 -3e+14 1.15e+15
229.697 50.519 10 4.1 -7.5e+14 1e+13 7.5e+14 -9e+14 8e+13 1.07e+15
235.169 40.963 5.973 4.4 8.2e+14 -4.96e+15 4.14e+15 1.7e+14 -8.8e+14 1.07e+15
230.685 49.357 10 5.3 -2.55e+16 -6.95e+16 9.5e+16 1.84e+16 -8.24e+16 1.59e+16
230.914 49.447 10 4.7 5.8e+15 -1.52e+16 1.13e+16 4.5e+15 -7.2e+15 3e+14
231.034 49.483 10 4.3 2.5e+14 -2.69e+15 2.7e+15 4.8e+14 -1.84e+15 -6.5e+14
230.173 44.614 10 4.8 2.79e+15 -1.31e+16 1.03e+16 -1.18e+16 2.27e+15 -1.39e+16
229.896 44.665 10 4.8 -2.2e+16 1.32e+16 8.83e+15 -3.24e+15 -2.93e+15 -1.27e+16
237.202 39.307 14.1 3.6 -1.51e+14 1.7e+13 1.34e+14 -1.31e+14 4.3e+13 1.84e+14
235.431 40.305 20.2 3.3 -1.97e+13 -4.42e+13 6.38e+13 -2.91e+13 -2.32e+13 -7.71e+13
230.052 50.839 13.6 4.6 -1.1e+14 -6.34e+15 7.9e+15 -4.63e+15 -2.45e+15 3.12e+15
234.853 40.771 19.557 4.4 2.6e+14 -4.53e+15 4.27e+15 -2.2e+14 -5.9e+14 -8.6e+14
237.235 38.819 1.4 3.3 -7.3e+13 -4.3e+13 1.16e+14 -6e+13 8e+12 3.9e+13
237.189 38.795 3.6 3.2 -2.61e+13 -2.84e+13 5.44e+13 -3.51e+13 -4.47e+13 -1.6e+13
239.52 39.8749 9.5 3.7 -6e+13 -8.6e+13 1.46e+14 7.6e+13 7.1e+13 -9.3e+13
237.183 39.314 9.7 3 -1.62e+13 1.5e+12 1.47e+13 -2.5e+13 5e+11 2.79e+13
237.209 38.817 3.7 3.3 -8.16e+13 9.9e+12 7.17e+13 -1.39e+13 6.06e+13 5.51e+13
234.185 43.756 10 5.2 -2.33e+16 -3.63e+16 5.97e+16 -2.14e+16 -4.6e+15 -5.02e+16
236.875 39.498 7.7 3.4 -5.6e+13 -5e+13 1.05e+14 2.6e+13 -7.5e+13 6.8e+13
230.068 50.178 10 4.6 -8.5e+14 -4.74e+15 9.42e+15 -5.23e+15 -3.76e+15 4.37e+15
229.953 49.46 10 5.4 2.2e+15 -1.37e+17 1.35e+17 4.84e+16 1.71e+16 5.44e+16
237.185 38.815 2.4 3.8 -3.9e+14 -2.72e+14 6.62e+14 -2.65e+14 -9e+12 3.16e+14
237.193 38.819 2.9 4 -2.97e+14 -2.58e+14 5.56e+14 -1.79e+14 -1.13e+14 9.6e+14
236.432 40.425 31.9 3.8 -3.71e+14 -1.84e+14 5.55e+14 -1.27e+14 -2.96e+14 -5.9e+13
237.195 38.791 3.5 3.3 -2.4e+13 -2e+12 2.59e+13 -4.6e+13 -3e+11 8.79e+13
235.848 42.44 33.1 3.7 -2.92e+14 -4e+12 2.96e+14 2.18e+14 -5e+13 2.28e+14
229.64 50.42 10 4.9 1e+14 -2.38e+16 2.37e+16 -2.32e+15 3.82e+15 4.54e+15
237.917 39.77 26.4 3.3 -5.1e+13 -4.9e+13 1e+14 5.5e+13 -3.3e+13 3.5e+13
239.249 46.116 0.9 3.8 2.72e+14 -4.3e+14 1.58e+14 -1.77e+14 9.5e+13 -3.67e+14
237.221 38.795 4.3 3.7 -2.66e+14 4.5e+13 2.21e+14 -2.08e+14 -1.39e+14 1.51e+14
235.22 40.37 12.5 3.8 7.8e+13 -1.84e+14 1.05e+14 4.3e+13 -2.46e+14 -5.7e+14
234.536 40.395 26.2 4.2 3.7e+14 -7.2e+14 3.6e+14 6.9e+14 -6.6e+14 -2.68e+15
237.192 38.794 3.3 3.3 -3.73e+13 -4.13e+13 7.86e+13 -4.78e+13 8.1e+12 7.62e+13
236.912 39.215 7.8 3.2 8.6e+12 -3.72e+13 2.86e+13 -2.65e+13 -1.52e+13 5.71e+13
237.264 38.79 2.2 3 -2.3e+12 4.5e+12 -2.3e+12 -5.1e+12 -2.8e+12 4.17e+13
233.501 42.263 10 5.3 -9.8e+15 -8.31e+16 9.29e+16 2.16e+16 -6.1e+15 5.74e+16
230.519 44.416 10 5 3.1e+14 -3.73e+16 3.7e+16 -1.95e+16 5.15e+15 -1.49e+16
230.477 44.403 10 5.1 5.63e+15 -4.75e+16 4.19e+16 -2.34e+16 2.24e+16 -2.98e+16
230.533 44.362 10 5.5 -2.6e+16 -1.71e+17 1.97e+17 -1.2e+15 3.5e+15 -1.02e+17
237.202 38.816 1.8 3.5 -8.1e+13 -1.1e+14 1.91e+14 -9.4e+13 4.6e+13 7.7e+13
234.235 40.27 29.5 4.5 4.8e+14 4.4e+14 -9.2e+14 4.82e+15 2.5e+14 -5.58e+15
235.469 40.314 20.9 3.9 1.56e+14 -2.35e+14 7.9e+13 2.44e+14 -2.39e+14 -8.12e+14
229.169 51.259 10 4.7 2e+15 -1.8e+15 1.8e+15 -1.07e+16 1.8e+15 3.9e+15
229.098 51.224 10 4.5 1.44e+15 -6.41e+15 5.07e+15 -6.9e+14 1.59e+15 -3.6e+14
237.177 38.811 2.6 3.6 -2.95e+14 -5.7e+13 3.52e+14 -1.53e+14 7.3e+13 -3.2e+13
233.929 41.851 10 3.9 1.45e+14 -8.16e+14 6.7e+14 -8.3e+13 -1.87e+14 2.53e+14
235.238 40.6 21.1 3.7 8.5e+13 -4.52e+14 3.67e+14 -3.3e+13 -1.01e+14 -1.04e+14
238.671 40.185 7.3 3.7 -3.67e+14 -7.5e+13 4.42e+14 1.56e+14 3e+12 -1.31e+14
234.799 40.449 0.3 3.7 3.5e+13 -7.2e+13 3.7e+13 7.4e+13 -4.2e+13 -4.9e+14
230.645 44.218 10 5 -3.98e+16 4.66e+15 3.51e+16 -1.39e+15 4.94e+15 -1.43e+16
235.295 40.327 12.4 4.5 2.5e+14 -3.91e+15 3.66e+15 1.13e+15 -1.18e+15 -6.51e+15
237.24 38.842 1.2 3.4 -9.3e+13 -4.4e+13 1.37e+14 -8.4e+13 7e+12 6.6e+13
235.018 40.388 8.8 3.9 6.7e+13 -5.22e+14 4.56e+14 5.9e+13 -1.09e+14 -7.24e+14
235.032 40.372 11.4 3.6 8e+13 -2.87e+14 2.08e+14 7.8e+13 -1.44e+14 -1.56e+14
235.071 40.431 6.929 6 -4.3e+16 -8.21e+17 8.63e+17 1.59e+17 -1.1e+16 -3.1e+17
236.973 38.9 5.705 3.6 -3.04e+14 2.1e+13 2.83e+14 -1.13e+14 9e+12 9.3e+13
231.111 48.67 10 4.4 3e+13 -4.47e+15 4.31e+15 3e+13 -2.77e+15 -1.95e+15
235.151 40.463 24.1 4.1 1.9e+14 -1.28e+15 1.09e+15 -3e+13 -1.9e+14 -8.9e+14
235.336 40.636 23.9 3.9 1.3e+13 -8.64e+14 8.51e+14 1.83e+14 4e+12 2.07e+14
235.368 40.309 17.1 4.1 -5e+13 -1.09e+15 1.15e+15 2e+14 2.1e+14 -1.51e+15
235.301 40.621 25.7 4 2.89e+14 -8.54e+14 5.65e+14 -1.44e+14 -3.2e+14 7.48e+14
235.217 40.609 12.756 4.4 1.54e+15 -3.82e+15 2.27e+15 -1.71e+15 -3.68e+15 1.5e+14
235.308 40.652 29.3 6.5 -1.688e+17 -6.128e+18 6.297e+18 -3.901e+17 4.467e+17 1.788e+18
236.221 40.2482 5.973 3.95 -4e+13 -1.87e+15 1.9e+15 -1e+14 -3.1e+14 1e+13
229.635 50.549 10 4.2 7.3e+14 -2.2e+15 1.71e+15 -8.4e+14 -7e+14 1.42e+15
240.005 39.3133 7.8 3.5 2e+12 4.6e+13 -4.8e+13 -5.5e+13 6.8e+13 -1.88e+14
236.662 39.777 9.7 4 9.3e+13 -6.19e+14 5.26e+14 -6.55e+14 5.92e+14 -3.1e+14
237.387 38.8953 5.703 3.47 4.2e+13 1.9e+13 -6.1e+13 -3.21e+14 -1.7e+13 4.69e+14
231.495 43.934 10 4.7 -1.55e+16 2.05e+15 1.35e+16 -2.05e+15 -2.49e+15 4.85e+15
237.21 38.818 2.7 3.7 -4.1e+13 -3.43e+14 3.84e+14 -1.19e+14 2.2e+13 -9.3e+13
233.186 43.407 10 5.3 -2.79e+16 -6.24e+16 9.02e+16 -1.45e+16 -9.4e+15 -8.06e+16
234.34 40.462 15.5 4.2 0 -6.6e+14 6.6e+14 1.3e+14 -7e+14 -2e+15
237.231 38.795 4.8 3.6 4.7e+13 9.4e+13 -1.4e+14 -4.5e+13 -1.72e+14 1.99e+14
239.207 39.852 6.703 2.01 1.71e+13 -3.46e+13 1.75e+13 1.05e+13 -1.47e+13 -4.54e+13
229.799 50.469 10 4.4 0 -3.96e+15 3.56e+15 -4.7e+14 -2.23e+15 1.56e+15
233.493 40.487 10 4.7 -6e+14 -1.3e+15 1.9e+15 4.4e+15 -1.5e+15 -1.23e+16
236.506 39.286 5.4 3.4 1.7e+13 -1.31e+14 1.14e+14 -6e+12 -1.6e+13 1.36e+14
236.89 39.028 5.1 3.3 -4e+12 -1.18e+14 1.22e+14 2.1e+13 1.2e+13 4.1e+13
231.697 44.012 10 4.8 -2.08e+16 1.26e+15 1.95e+16 5.9e+15 1.89e+15 1.58e+15
231.62 44.024 10 5 -3.63e+16 5.83e+15 3.05e+16 4.2e+14 -4.44e+15 3.68e+15
231.321 43.885 10 5.1 -5.67e+16 -4e+13 5.68e+16 1.43e+16 -1.3e+14 4.47e+15
235.363 40.31 16.9 5 -6.13e+15 -2e+16 2.61e+16 2.13e+15 -3.21e+15 -3.06e+16
229.626 50.516 10 4.2 -1.88e+15 -1.18e+15 2.13e+15 -6.7e+14 -1e+14 2.7e+14
234.517 40.38 9.9 3.6 -9.8e+13 2.6e+13 7.2e+13 -1.5e+14 -6.1e+13 -2.9e+14
230.071 44.53 10 5.3 -1.65e+16 -7.63e+16 9.29e+16 -6.1e+15 1.81e+16 -7.07e+16
235.434 40.303 19.4 3.5 -1e+12 -3e+13 3.1e+13 1.1e+13 8.6e+13 -1.63e+14
234.615 40.837 7.4 3.6 -1.5e+13 -2.29e+14 2.44e+14 -2.4e+13 -1.7e+13 -1.19e+14
237.203 38.838 2.9 3.7 -1.59e+14 -8.2e+13 2.41e+14 -1.7e+13 -1.32e+14 4.56e+14
237.192 38.833 3.3 3.9 -1.2e+14 -1.05e+14 2.25e+14 6.5e+13 -3.77e+14 6.78e+14
237.315 38.8553 5.756 3.8 -1.58e+14 1.35e+14 2.3e+13 -6.3e+13 1.01e+14 7.02e+14
237.2 40.185 8.4 3.8 -6e+14 9.8e+13 5.01e+14 -1.67e+14 -8.4e+13 3.12e+14
235.592 40.384 17.9 3.9 2.77e+14 -7.9e+14 5.13e+14 4.21e+14 -3.28e+14 -2.4e+14
234.178 40.446 8 3.5 1.06e+14 -1.17e+14 1.1e+13 3.6e+13 -6.4e+13 -1.56e+14
232.929 40.355 10 4 -6.3e+14 6.9e+14 -6e+13 4.4e+14 -9e+13 -1.1e+15
237.182 38.819 2.3 3.4 5e+12 -1.6e+13 1.1e+13 -1.5e+13 -2.6e+13 1.37e+14
235.837 40.749 21 4.2 -5e+14 -1.64e+15 2.14e+15 -2.5e+14 9e+13 1.1e+15
237.202 38.815 2.7 3.7 -2.28e+14 -9.5e+13 3.23e+14 -2.06e+14 -2.4e+13 1.54e+14
230.726 44.19 10 5 -1.59e+15 -2.73e+16 2.89e+16 -1.51e+16 1e+16 -2.62e+16
235.253 40.506 15.9 3.8 3.5e+13 -5.8e+14 5.45e+14 1.88e+14 -1.69e+14 -3.85e+14
235.605 40.761 18.8 3.7 6e+12 -3.09e+14 3.04e+14 -9.7e+13 -7.6e+13 3.43e+14
236.554 39.57 7.1 3.6 -1.3e+13 -2.66e+14 2.78e+14 5.5e+13 -3e+13 -4e+13
235.569 40.545 14.3 3.8 -1.73e+14 -4.53e+14 6.26e+14 2.92e+14 -1.99e+14 1.02e+14
237.215 38.831 1.4 3.3 -1.02e+14 2.9e+13 7.4e+13 -1.9e+13 -7e+12 9.7e+13
236.104 42.541 39 4 -1.51e+15 1.05e+15 4.6e+14 8.5e+14 -1.59e+15 -9.1e+14
237.19 38.81 2.3 3.7 -1.33e+14 -2.43e+14 3.76e+14 2e+13 -2.55e+14 1.16e+14
237.415 47.7865 62.24 4.67 -5.9e+14 6.51e+15 -5.92e+15 1.6e+14 2.02e+15 1.95e+15
231.085 49.064 13.7 4.6 6.3e+14 -7.35e+15 7.26e+15 -1.48e+15 -5.03e+15 -4.33e+15
236.659 39.032 6.8 3.7 4.7e+13 -1.9e+13 -2.8e+13 -2.19e+14 1.2e+13 4.68e+14
237.143 38.9012 -0.234 4.2 -8.3e+14 -5.8e+14 1.41e+15 -5.5e+14 -2.9e+14 2.4e+15
239.13 39.9582 9.7 4.8 -2.5e+14 -5.06e+15 5.31e+15 1.64e+15 1.22e+15 -1.99e+15
231.643 49.21 10 4.7 -3e+15 -7.5e+15 1.12e+16 -5.3e+15 -3e+15 1e+15
231.066 48.849 10 4.6 -5.32e+15 -2.91e+15 8.67e+15 -1.88e+15 3.07e+15 2.01e+15
231.379 49.128 10 5.8 -7.71e+16 -6.28e+17 7.05e+17 -3.43e+16 3.1e+16 -5.7e+16
233.022 40.348 10 5.9 -1.45e+17 6.2e+16 8.2e+16 -8.9e+16 9.9e+16 -1.02e+18
235.397 40.3138 18.59 4.6 5.7e+14 -2.86e+15 2.29e+15 1.93e+15 -1.92e+15 -9.23e+15
232.607 43.5 10 5.3 -3.5e+15 -8.45e+16 8.8e+16 -2.2e+16 -1.46e+16 -9.15e+16
234.67 40.453 23.1 4 -5e+13 -2.7e+14 3.2e+14 2.4e+14 -1.2e+14 -1.2e+15
237.163 38.864 2.2 3.5 -1.71e+14 3.3e+13 1.37e+14 -6.3e+13 -2e+13 1.22e+14
235.779 41.174 16.8 3.9 -1.28e+14 3.54e+14 -2.26e+14 1.47e+14 2.41e+14 -7.65e+14
235.743 40.1205 4.94 4.34 -7.16e+15 -1.5e+16 2.22e+16 -7.93e+15 5.98e+15 -4.24e+16
235.388 40.318 19.8 4.9 9e+14 -1.1e+16 1.01e+16 2.6e+15 -4e+15 -2.86e+16
229.925 49.904 10 4.4 9.2e+14 -5.52e+15 4.45e+15 -6.5e+14 -2.59e+15 3.7e+14
232.578 49.149 10 4.2 -4.7e+14 -1.99e+15 2.27e+15 4.2e+14 -5e+14 -1e+13
237.231 38.787 2.9 3.5 -1.13e+14 -1.17e+14 2.3e+14 2.9e+13 -7e+13 1.41e+14
237.236 38.792 2.7 3.6 -6.2e+13 -1.56e+14 2.17e+14 -1.53e+14 5.3e+13 -1.46e+14
236.725 39.394 11.1 3.6 1e+12 -2.57e+14 2.56e+14 2.33e+14 1.15e+14 5e+13
230.86 47.24 10 5.2 4.6e+15 -7.23e+16 6.77e+16 -2.86e+16 1e+16 -1.89e+16
231.562 47.921 10 5.1 2.26e+15 -4.75e+16 4.53e+16 -1.55e+16 5.86e+15 -4.58e+15
229.916 49.869 10 5 5.44e+15 -3e+16 2.45e+16 -5.28e+15 -4.91e+15 2.57e+16
229.887 49.791 10 5.2 2.85e+15 -5.54e+16 5.26e+16 1.5e+16 -1.24e+16 4.85e+16
230.241 50.229 10 4.2 -2.8e+14 -2.2e+15 2.59e+15 -4.2e+14 -8.4e+14 7.7e+14
230.372 50.165 12 5.9 3.6e+16 -8.72e+17 8.37e+17 5.7e+16 9.8e+16 -5.9e+16
230.321 50.147 10 5 -6.42e+15 -3.05e+16 3.69e+16 -6.81e+15 1.21e+16 -1.24e+16
230.544 50.204 10 4.5 -2.5e+14 -5.99e+15 7.5e+15 1.15e+15 -3.58e+15 -8e+14
230.452 50.227 10 4.4 -2.5e+14 -4.47e+15 4.8e+15 9.4e+14 -1.4e+15 -1.8e+14
230.301 50.127 10 4.8 3.09e+15 -1.83e+16 1.52e+16 -5.18e+15 -1.3e+14 5.87e+15
230.271 50.139 10 4.7 -2.31e+15 -6.62e+15 8.93e+15 4.32e+15 -6.96e+15 1.48e+15
230.404 50.147 10 5 -2.3e+15 -2.31e+16 2.54e+16 -1.54e+16 -2.12e+16 9.7e+15
230.333 50.136 10 5 -4.6e+14 -4.07e+16 4.12e+16 -5.82e+15 6.43e+15 1.89e+15
230.125 49.94 10 4.5 -2.3e+14 -6.24e+15 6.48e+15 3.34e+15 -2.43e+15 6e+13
230.375 50.242 10 4.6 -7.41e+15 8.8e+14 6.54e+15 1.02e+15 -4.94e+15 1.38e+15
230.467 50.097 10 4.6 3e+13 -7.09e+15 7.06e+15 -3.11e+15 -5.05e+15 1.93e+15
230.41 50.082 10 5.1 -5.07e+15 -4.85e+16 5.36e+16 1.17e+16 3.61e+15 1.55e+16
230.476 50.146 10 4.8 -2.2e+15 -1.41e+16 1.63e+16 -2.6e+15 -5.8e+15 1.8e+15
229.965 50.228 10 5.4 -3.5e+15 -9.7e+16 1.01e+17 4.85e+16 -1.87e+16 1.02e+17
230.189 50.19 10 5 -7.77e+15 -2.96e+16 3.74e+16 1.91e+16 -1.01e+16 2.23e+16
230.439 50.125 10 4.7 6.2e+15 -1.02e+16 5.5e+15 2.2e+15 -4.1e+15 -7.3e+15
230.177 50.121 10 4.5 2.49e+15 -7.4e+15 5.27e+15 1.3e+14 -2.36e+15 -3.7e+14
230.332 50.254 10 4.3 -2.8e+14 -2.3e+15 2.61e+15 -8.9e+14 -2.7e+14 3.25e+15
231.507 49.022 10 5.1 -8.38e+15 -5.36e+16 6.2e+16 -4.59e+15 1.35e+15 -8.91e+15
235.803 41.183 17 4.6 3.24e+15 1.07e+15 -4.31e+15 3.3e+15 -8.59e+15 1.07e+15
238.294 41.432 2.5 3.4 -1.18e+14 2.6e+13 9.2e+13 6.3e+13 -5.7e+13 -8.6e+13
234.799 40.455 2.5 4.3 -1.8e+14 -5e+14 6.8e+14 4.8e+14 -3.4e+14 -2.84e+15
230.696 44.33 10 5 -2.45e+16 3.03e+15 2.15e+16 9.97e+15 1.38e+16 -2.18e+16
230.583 44.371 10 5.7 -1.29e+17 -2.36e+17 3.66e+17 -4.55e+16 8.88e+16 -2.85e+17
230.248 44.37 10 5.2 -7.64e+16 1.09e+16 6.55e+16 -3.33e+16 2.64e+16 -3.74e+16
230.644 44.367 10 5.5 -1.01e+17 -5.91e+16 1.6e+17 1.79e+16 4.09e+16 -1.16e+17
230.518 44.331 10 5 -2.74e+16 2.24e+15 2.52e+16 -1.64e+16 1.52e+16 -1.6e+16
239.05 45.127 20.9 4.2 0 -4.5e+14 4.5e+14 -1.76e+14 -6.4e+13 5.36e+14
233.555 43.294 10 5 -1.1e+16 -1.94e+16 3.03e+16 -5.45e+15 -2.03e+15 -2.15e+16
230.75 44.247 10 5.4 -2.49e+16 -8.81e+16 1.13e+17 7.6e+15 3.07e+16 -9.03e+16
231.254 49.216 10 4.4 1.6e+15 -3.84e+15 4.3e+15 -2e+13 -2.88e+15 -6.5e+14
230.803 44.234 10 5.2 -2.01e+16 -4.69e+16 6.7e+16 -2.1e+16 3.06e+16 -5.5e+16
240.079 39.5464 1.5 3.8 -7.43e+14 -8.7e+13 8.3e+14 1.54e+14 2.44e+14 -1.62e+14
240.081 39.5487 2.3 3.6 -1.85e+14 -1.85e+14 3.71e+14 1.91e+14 1.5e+14 -1.02e+14
230.779 44.18 10 5.2 -1.54e+16 -5.44e+16 6.98e+16 -8.2e+15 1.87e+16 -5.14e+16
231.649 49.064 10 4.8 -1.2e+15 -5.8e+15 5.7e+15 -3.4e+15 -1.96e+16 -5e+14
229.59 50.458 10 5 2e+13 -3.55e+16 3.55e+16 1.65e+15 5.18e+15 1.51e+16
237.256 38.8283 6.745 3.78 -1.05e+15 -6.6e+14 1.71e+15 2.2e+14 1.7e+14 1.59e+15
230.607 44.213 10 5.1 -1.01e+16 -2.73e+16 3.74e+16 -2.27e+16 1.31e+16 -3.08e+16
234.66 40.805 8.5 4.3 -2e+13 -3.1e+15 3.12e+15 -3.4e+14 6.5e+14 -6e+13
240.074 39.54 2.6 3.5 -9.7e+13 -1.54e+14 2.5e+14 -1.23e+14 -7.3e+13 -1.32e+14
240.079 39.542 2.8 3.6 7e+12 -2.71e+14 2.64e+14 -9.3e+13 -1e+13 -1.85e+14
233.631 43.155 10 5.1 -1.1e+16 -2.62e+16 3.72e+16 -2.44e+16 1.04e+16 -3.09e+16
236.503 40.836 29.1 5.4 -1.1e+17 -2.18e+16 1.32e+17 -4.04e+16 -4.22e+16 -1.27e+16
240.091 39.5602 5.635 4.2 6e+13 -1.73e+15 1.67e+15 9e+13 3.3e+14 9e+13
231.112 48.685 10 5.2 -1.32e+16 -6.81e+16 8.13e+16 -4.1e+15 5.5e+15 -1.27e+16
240.054 39.546 0.2 3.4 -9.6e+12 -7.37e+13 8.33e+13 -2.85e+13 4.2e+12 -1.43e+13
240.072 39.5247 1.2 3.5 -7.6e+13 -3.7e+13 1.13e+14 -4.7e+13 2e+12 -1e+13
240.069 39.5297 2.7 3.7 -7.8e+13 4.7e+13 3.2e+13 8.1e+13 2.7e+13 -9.6e+13
240.061 39.5231 2.8 5.1 -6.82e+15 -3.33e+16 4.02e+16 1.99e+15 2.49e+15 1.85e+16
240.072 39.5212 2.8 3.6 1.4e+15 1.7e+16 -1.84e+16 -5.6e+15 -1.9e+15 -6.6e+15
240.072 39.5246 0.9 3.9 -6.4e+13 -1.35e+14 1.99e+14 8.5e+13 -8.5e+13 1.3e+14
240.067 39.5297 2.9 4.1 -6e+13 -1.81e+15 1.87e+15 -4.5e+14 -3.8e+14 1.2e+15
240.072 39.528 2.2 3.8 -5.3e+13 -2.52e+14 3.05e+14 -4.9e+13 1.6e+13 1.15e+14
235.792 40.78 21.3 4.2 -1.98e+15 1.81e+15 1.8e+14 9.5e+14 -8.3e+14 -6.9e+14
240.066 39.5358 1.7 3.5 -1.26e+13 -8.45e+13 9.71e+13 -6.5e+12 1.08e+13 -5.5e+12
240.069 39.5283 1.9 3.5 -4e+12 -1.86e+14 1.91e+14 -4e+13 -4e+12 5.8e+13
230.837 49.097 10 4.5 -5.5e+14 -5.28e+15 6.61e+15 8.7e+14 -2.2e+15 -1.9e+14
230.508 44.279 10 5.1 -3.74e+16 1.49e+15 3.59e+16 -2.41e+16 1.26e+16 -2.19e+16
232.379 43.648 10 5.5 1.8e+15 -1.32e+17 1.31e+17 -4.74e+16 1.1e+16 -1.44e+17
234.345 40.396 5 4 2e+13 -1.7e+14 1.5e+14 1.1e+14 -8e+13 -1.07e+15
231.411 43.988 10 5.3 -9.74e+16 -1.01e+16 1.08e+17 1.2e+16 -9e+14 1.99e+16
230.649 44.364 10 5.2 -3.33e+16 2.49e+16 8.35e+15 1.68e+15 1.54e+16 -8.6e+16
237.214 38.817 2 3.6 4e+13 -2.5e+14 2.09e+14 -9.2e+13 -6.8e+13 1.6e+14
233.165 42.412 10 5.7 -4.48e+17 2.96e+16 4.18e+17 -3.41e+16 3.83e+16 1.37e+17
236.723 39.355 2.2 3.7 2.9e+13 -3.86e+14 3.57e+14 1.14e+14 -1.77e+14 8e+13
237.191 38.818 2.4 4 -7.9e+14 -5.1e+14 1.3e+15 -3.4e+14 -1.9e+14 6.7e+14
237.297 40.178 2.9 4.9 -3.27e+16 7.11e+15 2.56e+16 1.49e+16 -6.78e+15 3.99e+15
237.245 40.175 10.1 4.5 -4.18e+15 -5.4e+14 4.72e+15 1.5e+15 -4.16e+15 1.59e+15
232.736 43.785 13 6.3 -3.75e+17 -2.69e+18 3.06e+18 -1.56e+17 3.71e+17 -2.56e+18
228.817 51.649 10 6.1 -4.1e+16 -2.57e+17 2.98e+17 2.55e+17 -6.2e+16 1.23e+18
228.842 51.51 10 5.4 1.02e+16 -5.41e+16 4.39e+16 2.7e+16 -3.3e+15 1.53e+17
228.92 51.11 10 4.4 -2.44e+15 -2.45e+15 3.21e+15 -1.78e+15 1.5e+14 2.37e+15
228.905 51.502 10 5 -4.8e+15 -3.59e+16 4.46e+16 -1.56e+16 5.4e+15 1.8e+15
229.458 51.163 10 6.4 -1.95e+17 -4.9e+18 5.09e+18 9.29e+17 9.3e+16 1.72e+18
229.254 51.254 15 6.6 -9.262e+17 -7.532e+18 8.458e+18 -8.908e+17 2.498e+18 3.509e+18
229.61 51.324 10 5.7 -1.03e+16 -3.67e+17 3.78e+17 1.01e+17 2.04e+16 1.34e+17
233.719 40.416 10 4.9 -2.85e+15 4.36e+15 -1.51e+15 -1.37e+15 -3.4e+14 -2.99e+16
237.209 38.816 3 4 -4.4e+14 -7.3e+14 1.17e+15 8e+13 -2e+14 6.9e+14
232.526 43.637 10 5 -2.36e+15 -2.29e+16 2.53e+16 -1.57e+16 2.28e+15 -3.12e+16
232.586 43.542 10 5.8 -4.33e+16 -4.06e+17 4.49e+17 -6.53e+16 4.55e+16 -3.36e+17
235.528 40.577 26.8 4.1 3.5e+14 -1.53e+15 1.19e+15 1e+13 -7.2e+14 9.3e+14
232.13 43.767 10 5 -2.91e+15 -2.93e+16 3.22e+16 -2.29e+16 2.23e+15 -1.02e+16
236.97 45.103 23.5 3.6 0 2.5e+14 -2.5e+14 -2.18e+14 1.52e+14 9.1e+13
237.821 38.8602 8.635 3.5 -5.1e+13 5.8e+13 -7e+12 -9.5e+13 5.5e+13 2.44e+14
235.346 40.319 15.3 4.3 1e+13 -1.66e+15 1.65e+15 1.4e+14 -1.6e+14 -2.85e+15
229.558 50.558 10 4.3 -3.33e+15 2.05e+15 1.79e+15 1.21e+15 -2.08e+15 -1.22e+15
230.222 44.611 10 5.3 -2.74e+16 -7.44e+16 1.02e+17 -2.19e+16 3.45e+16 -7.97e+16
230.241 44.545 10 5 1.72e+15 -2.7e+16 2.53e+16 -1.68e+16 2.37e+16 -2.08e+16
230.24 44.401 10 5.3 -4.72e+16 -3.17e+16 7.89e+16 -5.9e+15 -2.4e+15 -8.83e+16
230.334 44.46 10 5.3 -2.3e+15 -7.35e+16 7.58e+16 -3.01e+16 4.93e+16 -6.08e+16
230.407 44.428 10 5.2 -6.7e+15 -5.72e+16 6.39e+16 -1.77e+16 2.37e+16 -5.56e+16
237.129 38.8217 6.416 3.46 -2.98e+14 -3.34e+14 6.32e+14 -5.38e+14 -9.5e+13 4.78e+14
229.72 50.499 10 4.2 2.8e+14 -1.79e+15 1.67e+15 -1.34e+15 -8.7e+14 1.2e+14
235.176 41.116 3.4 5 -8.19e+15 -4.05e+16 4.87e+16 1.8e+15 -5.57e+15 -1.15e+16
239.055 45.128 22.9 3.9 1.8e+13 -1.54e+14 1.37e+14 -9e+13 -4.9e+13 2.35e+14
229.639 51.02 10 4.1 5.5e+14 -1.73e+15 7.6e+14 6e+14 -8.8e+14 5.5e+14
235.045 40.384 0 4.5 2.2e+14 -2.15e+15 1.94e+15 7.3e+14 -9e+14 -5.94e+15
234.956 40.3763 0.143 5.2 -1.72e+16 -2.4e+16 4.12e+16 -2.17e+16 -2.98e+16 -1.25e+17
238.438 40.767 8.6 3.6 3.2e+13 -2.56e+14 2.24e+14 -1.85e+14 1.33e+14 -1.1e+14
229.951 50.767 10 5 -4.53e+15 -2.84e+16 3.29e+16 4.97e+15 -3e+15 1.44e+16
233.085 43.438 6.3 4.8 -7.19e+15 -8.73e+15 1.59e+16 -1.15e+15 4.66e+15 -1.64e+16
237.204 38.795 2.5 4.4 -4.4e+14 -2.48e+15 2.92e+15 1.04e+15 -1.26e+15 3.35e+15
229.896 50.259 10 4.3 -1.45e+15 -9e+13 2.49e+15 -1.45e+15 -1.53e+15 9.9e+14
236.894 39.465 6 4.8 4e+14 -1.04e+16 1.01e+16 -1.2e+15 -2.6e+15 1.81e+16
235.248 40.615 7.6 4.1 2.9e+14 -1.13e+15 8.4e+14 -5.4e+14 -5.4e+14 1.55e+15
235.422 40.311 18.8 4.1 4e+13 -7.5e+14 7.1e+14 6e+13 6e+14 -1.68e+15
231.158 48.972 10 4.6 -7.09e+15 -2.3e+15 8.03e+15 8.5e+14 -2.6e+15 -2.05e+15
231.724 49.147 10 4.7 -1.31e+16 0 8.9e+15 -1.2e+15 -9.8e+15 -3.1e+15
235.134 40.643 0 5.4 -1.35e+16 -1.37e+17 1.51e+17 1.43e+16 7.3e+15 9.31e+16
232.549 43.516 10 5.2 -5.5e+15 -5.69e+16 6.23e+16 -1.92e+16 -1.21e+16 -6.27e+16
232.637 43.481 10 5 -3.8e+14 -2.46e+16 2.5e+16 -6.47e+15 5.8e+15 -2.25e+16
233.091 42.351 10 4.6 -9.6e+15 2.15e+15 7.45e+15 2.01e+15 -3.1e+15 2.61e+15
233.225 42.302 10 4.8 -1.84e+16 -9e+13 1.85e+16 -1e+14 -2.56e+15 8.28e+15
235.415 40.312 19.8 4.4 3.4e+14 -1.13e+15 7.9e+14 1e+14 -2.14e+15 -4.46e+15
237.385 38.39 9.9 3.6 6e+12 -2.56e+14 2.49e+14 -1.49e+14 -1.06e+14 9.9e+13
234.927 40.42 0.3 4.3 0 -4.6e+14 4.6e+14 1.28e+15 -9e+13 -3.3e+15
236.719 39.358 3.4 3.7 0 -4.04e+14 4.04e+14 5.4e+13 -9e+13 2.15e+14
236.714 39.358 7.9 4.1 2e+13 -1.1e+15 1.08e+15 -1e+13 2.2e+14 9.9e+14
234.93 40.389 0.1 4.4 1.1e+14 -1.48e+15 1.37e+15 5.5e+14 -4.8e+14 -4.21e+15
237.217 38.867 2.7 3.8 -5.54e+14 2.2e+14 3.33e+14 2.53e+14 -3.6e+13 3.52e+14
237.171 38.8748 22.523 4.21 -4.32e+15 2.2e+14 4.1e+15 5.09e+15 -1.53e+15 7.18e+15
233.741 40.366 10 4.9 -7.35e+15 -1.12e+15 8.47e+15 -2.8e+14 -1.18e+15 -2.67e+16
238.4 46.85 3.8 4.7 1.53e+15 -2.5e+15 9.7e+14 9.2e+14 -2.39e+15 1.47e+15
230.736 48.985 10 4 -8.3e+14 -1.6e+14 1.01e+15 -3.8e+14 -6.2e+14 -5e+14
231.099 49.259 10 4.2 4.5e+14 -1.4e+15 1.2e+15 -2.1e+14 -1.36e+15 -1e+15
236.782 39.312 12.4 3.9 -1.26e+14 -6.39e+14 7.66e+14 4.42e+14 1.37e+14 4.32e+14
230.393 50.229 10 5 -2.89e+15 -3.33e+16 3.62e+16 2.35e+15 -1.84e+15 8.05e+15
231.626 44.099 10 4.8 -1.99e+16 3.24e+15 1.66e+16 -5.5e+14 -4.14e+15 6.79e+15
230.71 48.865 9 4 1.9e+16 -1.31e+17 1.12e+17 2.7e+16 2e+15 -7e+16
237.204 38.4392 5.747 4.69 2.4e+14 -2.68e+15 2.43e+15 -1.69e+15 -7.7e+14 4.67e+15
229.828 50.602 10 4.6 1.78e+15 -9.51e+15 7.73e+15 3.27e+15 -5.2e+14 1.1e+15
235.574 40.281 11.84 5 1e+15 -1.52e+16 1.41e+16 3.2e+15 -5.1e+15 -3.16e+16
236.456 38.4565 11.983 3.62 4.66e+14 -3.56e+14 -1.1e+14 -2.9e+13 -2.4e+13 2.01e+14
236.796 48.328 46.2 4 -6.9e+14 7e+13 6.2e+14 3.5e+14 -6.9e+14 5.3e+14
229.527 51.582 10 5.6 1.03e+17 -1.83e+17 8.05e+16 1.39e+17 -8.92e+16 2.65e+17
229.866 50.953 10 5 -7.56e+15 -2.51e+16 3.27e+16 2.1e+15 -2.65e+15 1.75e+16
229.692 50.559 10 4.2 -1e+13 -2.2e+15 2.2e+15 1.28e+15 -1.3e+15 5.1e+14
229.511 50.643 10 4.1 4.4e+14 -1.5e+15 1.06e+15 -1.3e+14 -6.3e+14 1.7e+14
231.855 43.761 10 4.9 -1.09e+16 -1.84e+16 2.93e+16 -8.29e+15 -9.7e+14 -1.92e+16
237.192 38.7948 5.703 4.23 -1.27e+16 -6.87e+15 1.96e+16 -4.86e+15 -4.87e+15 1.29e+16
230.995 48.933 9 4.3 1.1e+15 -3.33e+15 2.22e+15 7.7e+14 -1.04e+15 1.17e+15
229.631 50.555 10 4 4e+13 -1.27e+15 1.23e+15 2e+14 -4.3e+14 1.8e+14
229.7 50.52 10 4.3 1.4e+14 -2.02e+15 1.88e+15 1.86e+15 -1.11e+15 8.9e+14
235.588 40.273 23.3 4.6 2e+13 -3.18e+15 3.15e+15 2.6e+14 -3.7e+14 -8.66e+15
234.098 41.983 10 5 -4.5e+15 -3.5e+16 3.95e+16 5.7e+15 4.03e+15 -3.05e+15
233.92 41.749 10 5.1 -7.13e+15 -4.85e+16 5.56e+16 8.57e+15 -2.27e+15 3.29e+15
233.681 40.744 10 5 -4.91e+15 -2.22e+16 2.71e+16 -1.12e+16 -8.8e+14 -3.06e+16
231.344 48.797 6 4.5 2.33e+15 -6.14e+15 3.81e+15 3.69e+15 -9.7e+14 -2.64e+15
229.084 51.214 10 4.3 1.31e+15 3.38e+15 2.07e+15 -3e+13 2.2e+14 4.4e+14
232.35 49.57 10 4.6 -3e+15 -1.41e+15 4.41e+15 -1.89e+15 -5.13e+15 5.24e+15
232.734 43.507 10 5.6 -2.29e+16 -1.39e+17 1.61e+17 -1.5e+16 -2.02e+16 -1.38e+17
234.654 40.427 3.7 4.6 0 -2.2e+15 2.1e+15 -3e+14 6e+14 -1.03e+16
237.862 48.854 0 4 3.89e+15 -3.49e+15 -4e+14 -3.44e+15 -3e+14 -7.3e+14
231.402 48.792 10 5.3 -8.02e+15 -1.96e+16 2.76e+16 -3.24e+15 -2.95e+16 8.79e+16
237.217 38.814 2.4 3.8 -2.1e+13 -6.81e+14 7.02e+14 -1.19e+14 -6e+12 -5.9e+13
230.228 49.992 10 4.9 -3.6e+15 4.5e+15 -9e+14 -1.94e+16 -4e+15 1.88e+16
236.688 41.028 36.2 3.9 -9.69e+14 1.09e+14 8.6e+14 1.84e+14 9.7e+13 3.35e+14
237.12 38.834 2.8 3.9 -8.3e+13 -5.17e+14 5.99e+14 -2.34e+14 1.42e+14 7.53e+14
239.955 42.208 5 3.8 -1.54e+14 -3.98e+14 5.52e+14 -3.91e+14 6.56e+14 2.55e+14
229.861 50.75 10 4.6 -3.1e+15 -7.4e+15 1.04e+16 1.5e+15 -2.8e+15 2.2e+15
239.94 39.3097 9.7 4.5 -6e+14 -1.67e+16 1.73e+16 4.1e+15 1.8e+15 3.3e+15
233.417 40.318 10 4.9 1e+14 -1.23e+15 1.13e+15 -2.87e+15 4.8e+15 -2.64e+16
233.426 40.773 12 6.6 3.428e+17 -7.429e+18 7.086e+18 3.379e+18 1.678e+18 -7.571e+18
233.633 40.908 10 4.7 2.92e+15 -8.74e+15 5.82e+15 1.68e+15 -4.77e+15 -7.1e+15
233.509 40.833 10 4.6 -2.8e+14 -8.67e+15 8.95e+15 1.6e+15 6.5e+14 -6.23e+15
234.047 41.292 16 7.2 2.733e+18 -7.76e+19 7.486e+19 -6.061e+17 1.389e+19 7.018e+18
239.931 42.273 5 3.4 -1.06e+14 1.42e+14 2.06e+14 -1.46e+14 -4.6e+13 -1.46e+14
228.875 51.554 10 5.8 -1.28e+16 -1.6e+17 1.73e+17 9.57e+16 -9.65e+16 5.14e+17
229.103 51.688 10 4.5 2.79e+15 -4.64e+15 1.86e+15 9e+13 -6.3e+14 5.48e+15
232.76 49.48 33 4 2.3e+14 -1.27e+15 1.05e+15 -2e+14 -2.5e+14 -6.3e+14
238.243 40.947 18.3 4.4 -4.11e+15 -1.26e+15 5.38e+15 -2.39e+15 1e+15 -2.4e+14
237.246 38.788 0.3 4.3 -1.6e+14 -2.23e+15 2.4e+15 -6.1e+14 6e+14 2.83e+15
237.834 38.378 9.6 4.1 1.7e+14 -6.3e+14 4.6e+14 -3.3e+14 -4.5e+14 1.84e+15
234.583 40.621 5 4 -6e+12 -7.32e+14 7.38e+14 -7.7e+13 -3.6e+13 -8.81e+14
230.312 50.241 10 4.7 -5.4e+15 -6.8e+15 1.23e+16 3.9e+15 -8.1e+15 1.8e+15
235.027 40.37 17.5 4.9 -1.3e+15 -3.66e+15 4.96e+15 -1.84e+15 -1.03e+16 -2.42e+16
229.46 50.73 10 4.3 -5.5e+14 -2.94e+15 3.49e+15 -1.5e+14 -2.26e+15 3.8e+14
231.28 50.31 26 4.8 9.9e+15 6.9e+15 -1.68e+16 -2.1e+15 -8.2e+15 1.4e+15
233.471 42.534 10 5.2 3.3e+15 -8.76e+16 8.44e+16 5.1e+15 1.66e+16 1.12e+16
233.425 42.512 10 5.3 -9.1e+15 -8.49e+16 9.4e+16 2.69e+16 1.03e+16 1.75e+16
230.93 48.73 10 4.9 -2.63e+16 -1.82e+16 2.09e+16 -1.3e+16 -2e+16 -2.7e+15
230.97 47.98 10 5 -5.22e+15 4.23e+15 1e+15 1.07e+16 -1e+16 4.45e+16
230.97 47.95 10 4.3 -2.6e+15 -1e+15 3.5e+15 7.4e+15 2.4e+15 1.58e+16
230.9 47.96 10 5 -2.58e+15 -1.17e+16 1.43e+16 5.86e+15 -7.64e+15 4.05e+16
231.03 47.99 10 4.9 -2.81e+15 1.3e+16 -1.02e+16 -2.57e+15 -3.51e+15 3.1e+16
231.04 47.98 10 4.6 -6.9e+15 -7.8e+15 1.47e+16 7.4e+15 6.2e+15 -1.6e+15
230.96 47.96 10 5 3.5e+14 -2.59e+15 2.24e+15 1.29e+16 -1.3e+16 3.51e+16
228.85 51.24 10 5 -4e+15 -3.54e+16 3.94e+16 1.04e+15 -4.8e+15 1.73e+16
230.167 50.275 10 5 -9.6e+15 -2.61e+16 3.57e+16 1.25e+16 -2.31e+16 5.2e+15
237.274 38.748 3.7 4.3 -2.96e+15 3.06e+15 -1e+14 -6e+13 7.2e+14 -4.6e+14
233.232 42.479 10 5.1 -5.48e+16 6.39e+15 4.84e+16 7.76e+15 2.17e+15 1.56e+16
236.133 40.697 28.5 4.5 -5.6e+14 -4.57e+15 5.13e+15 -1.62e+15 8.7e+14 1.68e+15
236.186 40.739 29.3 4.3 -2.6e+15 -1e+13 2.61e+15 4.7e+14 3.9e+14 -5.1e+14
239.721 42.0618 10.425 3.5 -3.62e+14 -4.17e+14 7.79e+14 -4.49e+14 4.64e+14 1.37e+14
230.147 50.691 10 4.4 -4.3e+14 -4.42e+15 4.85e+15 7.7e+14 -2.6e+14 4.7e+14
229.799 50.477 10 5 -7.4e+15 -3.01e+16 3.75e+16 4.7e+15 -8.1e+15 4.6e+15
229.801 50.569 10 4.7 1.3e+15 -1.1e+16 9.7e+15 1.8e+15 -1.5e+15 1e+15
231.039 49.282 10 4.4 5.6e+14 -5.07e+15 4.51e+15 1.33e+15 -1.59e+15 -1.7e+14
231.504 49.614 10 4.2 -5.9e+14 -1.78e+15 2.37e+15 6.6e+14 -9.4e+14 3.9e+14
231.663 49.625 10 4.7 -3.31e+15 -3.19e+15 6.49e+15 8.4e+14 -4.95e+15 -7.99e+15
231.632 49.535 10 4.2 -5.2e+14 -1.31e+15 1.83e+15 -1.27e+15 -6e+14 -9.5e+14
231.099 49.608 10 4.3 5.1e+14 -1.66e+15 1.14e+15 -7.5e+14 -6e+14 -2.03e+15
231.411 49.572 10 5.2 -8.2e+15 -7.21e+16 8.03e+16 -6.8e+15 2.31e+16 -1.17e+16
231.285 49.515 10 4.9 -6.8e+15 -2.07e+16 2.75e+16 1.21e+16 8.4e+15 1.4e+15
230.949 49.237 10 5.1 -5.83e+15 -3.76e+16 4.34e+16 -5.44e+15 1.15e+16 -1.08e+16
231.02 49.259 10 5.2 1.47e+16 -6.29e+16 4.82e+16 1e+15 -5.96e+16 -8.5e+15
231.027 49.201 10 5.2 -1.38e+16 -5.15e+16 6.54e+16 7.3e+15 -3.13e+16 -3.14e+16
231.228 49.277 10 6.7 -4.869e+17 -7.933e+18 8.42e+18 3.526e+17 4.393e+18 -6.145e+17
231.348 49.4 10 5.1 -3.42e+15 -4.94e+16 5.28e+16 7.49e+15 6.4e+15 -1.57e+16
237.209 38.818 3.4 3.8 -5.83e+14 1.29e+14 4.54e+14 3.8e+13 -2.56e+14 2.89e+14
230.68 49.751 10 4.8 1e+14 -1.46e+16 1.45e+16 2.1e+15 -3.5e+15 5.7e+15
235.7 44.665 27.9 4.6 1.2e+14 5.25e+15 -5.37e+15 7.8e+14 -8.8e+14 -5.81e+15
238.528 46.673 0.3 4 3.6e+14 -1.11e+15 7.6e+14 -1e+14 5.9e+14 3.4e+14
239.76 42.0905 -0.455 4.3 -6.02e+15 -7.2e+14 6.75e+15 -8.2e+14 4.77e+15 9.8e+14
233.033 49.623 23.7 6.4 -6.5e+17 -1.43e+18 2.08e+18 1.26e+18 -1.86e+18 2.74e+18
233.145 49.695 18.7 5.9 -2.7e+16 -1.5e+17 1.77e+17 1.46e+17 -2.94e+17 3.11e+17
235.51 44.329 29 4.9 1.96e+16 5.1e+14 -2.01e+16 2.54e+15 -1.65e+16 -3.97e+15
239.762 42.0793 9.305 4.4 -8.45e+15 -1.37e+15 9.82e+15 -3.44e+15 4.54e+15 1.25e+15
239.755 42.0917 9.995 3.9 -1.14e+15 -1.1e+14 1.25e+15 -3.9e+14 1.04e+15 1.3e+14
232.881 41.417 10 4.9 -4.4e+15 -2.1e+15 6.6e+15 -5.3e+15 -2.06e+16 -2.7e+15
232.72 41.307 10 4.8 -4e+15 -2.2e+15 6.2e+15 -4.6e+15 -1.57e+16 -2.5e+15
234.924 40.754 5 3.8 -1.31e+14 -4.27e+14 5.57e+14 -1.18e+14 5.4e+13 2.29e+14
239.974 39.3301 7.1 4.2 -2.06e+15 2.2e+14 1.84e+15 -6e+14 -7.4e+14 -1.12e+15
239.375 40.37 7 3.7 -6.7e+13 -4.21e+14 4.89e+14 -4.2e+13 7.6e+13 -6.1e+13
229.35 50.96 10 4.8 1.85e+15 -1.17e+16 9.83e+15 -3.79e+15 -1.38e+16 1.23e+16
229.37 50.933 10 4.7 8e+13 -7.06e+15 6.99e+15 -4.31e+15 -2.57e+15 6.38e+15
229.356 50.945 10 4.7 1.62e+15 -7.85e+15 6.24e+15 -1.59e+15 -4.01e+15 6.8e+15
237.235 38.834 3.6 4.5 -5.3e+15 6.5e+14 4.64e+15 3.7e+14 -1.05e+15 1.88e+15
231.94 49.1 10 5.4 -1.04e+16 -8.95e+16 9.99e+16 -7.41e+16 -7.17e+16 4.4e+16
232.653 43.519 10 5.3 -6.7e+15 -7.44e+16 8.11e+16 3.9e+15 -2.03e+16 -6.34e+16
230.81 48.85 10 5.4 -5.7e+15 -1.05e+17 1.11e+17 6e+14 -2.54e+16 -3.77e+16
234.842 41.075 2.5 4.5 -6.1e+14 -4.72e+15 5.33e+15 -3.07e+15 3.11e+15 5.8e+14
237.19 38.841 2.5 4.3 -2.66e+15 7e+14 1.96e+15 -1.2e+14 -5.7e+14 1.18e+15
234.3 40.448 5.1 4.2 -1.4e+14 1e+13 1.2e+14 -1e+14 -1.16e+15 -1.72e+15
235.324 40.445 18.9 4.4 1.9e+14 -4.19e+15 4e+15 3.3e+14 -8.7e+14 -1.55e+15
234.57 40.985 8.6 5.3 -2.7e+15 -7.51e+16 7.78e+16 4.48e+16 -9.1e+15 1.7e+16
237.232 38.798 1.7 4.2 -7.8e+14 -8.2e+14 1.6e+15 9.8e+14 -3.7e+14 1.32e+15
237.088 38.681 5.1 4 0 -1.14e+15 1.14e+15 6e+13 1.1e+14 -3.2e+14
232.878 43.526 10 5.2 -7.76e+15 -4.92e+16 5.7e+16 -1.01e+16 -3.27e+16 -4.74e+16
234.977 41.119 2.5 4.2 7e+13 -2.33e+15 2.27e+15 -3.7e+14 5.1e+14 -1.3e+14
231.066 44.168 10 5.2 -4.5e+16 -1.9e+14 4.52e+16 2.04e+16 5.89e+16 -9.13e+15
230.817 44.149 10 5.5 -1.82e+17 -2e+14 1.82e+17 -4.9e+15 3.72e+16 -3.62e+16
230.649 44.281 10 5.7 -1.01e+17 -2.29e+17 3.3e+17 5.97e+16 1.34e+17 -2.6e+17
230.976 44.284 10 6.3 -4.46e+17 -1.64e+18 2.08e+18 9.67e+17 7e+17 -1.34e+18
234.828 40.379 2.7 4.4 9e+13 -8.9e+14 7.9e+14 6.4e+14 -3.4e+14 -3.73e+15
229.71 50.17 10 5.4 -2.75e+16 -3.05e+16 5.8e+16 -5.4e+15 -2.4e+15 1.325e+17
228.88 51.31 10 5.6 -4.53e+16 -3.92e+16 8.44e+16 1.37e+17 -9.72e+16 1.865e+17
231.757 43.916 19.1 5.7 -1.44e+17 -9e+14 1.45e+17 -8.34e+16 -7.8e+16 5.28e+16
231.634 43.921 10 5.1 -4.095e+16 -9.71e+15 5.065e+16 1.81e+15 -2.206e+16 -2.92e+15
232.831 43.519 10 5.9 5.1e+15 -4.413e+17 4.362e+17 1.1e+16 -1.565e+17 -3.551e+17
235.396 40.828 22 5.3 4.53e+15 -8.33e+16 7.877e+16 2.1e+16 1.472e+16 5.577e+16
238.099 42.2313 6.309 4.3 -1.12e+15 2.1e+14 9.1e+14 2e+13 -1.45e+15 -7.4e+14
232.924 43.41 10 5.4 -1.569e+16 -8.047e+16 9.616e+16 -3.528e+16 -7.59e+15 -7.198e+16
237.271 38.798 3.9 3.9 -4.41e+14 -2.77e+14 7.17e+14 -4.38e+14 -2.38e+14 1.29e+14
235.477 40.309 7.6 4.4 -1.11e+15 1.04e+15 -9.3e+14 -3.1e+14 -6.7e+14 -4.37e+15
235.521 40.302 8.5 3.8 1.1e+13 2.46e+14 -2.57e+14 -1.56e+14 -1.9e+13 -4.85e+14
235.515 40.303 8.5 4 3.83e+14 3.91e+14 -7.73e+14 3.89e+14 -4.62e+14 -3.96e+14
235.545 40.601 29.8 4.6 1.2e+14 -4.36e+15 4.24e+15 -3.6e+15 -1.03e+15 8.21e+15
233.172 40.488 4 5.3 -2.122e+16 2.223e+16 -1.01e+15 -2.582e+16 -1.836e+16 -8.234e+16
234.506 40.3565 21.452 4.65 -1.5e+15 -6.2e+15 7.6e+15 -7.2e+15 -4e+15 -4.33e+16
231.4 48.54 10 5.8 7.3e+15 -3.151e+17 3.078e+17 5.3e+15 1.18e+16 4.12e+16
231.44 48.56 10 5.5 1.48e+16 -1.787e+17 1.639e+17 7.06e+16 8.38e+16 9.1e+16
231.29 48.69 10 6 -1.611e+17 -7.58e+17 9.191e+17 9.52e+16 7e+15 4.693e+17
231.38 48.79 10 5.1 -4.927e+16 -2.46e+15 5.174e+16 7.09e+15 3.01e+16 -7.7e+14
231.36 48.72 10 5.3 -8.789e+16 2.917e+16 5.872e+16 -5.23e+15 -6.1e+15 -3.673e+16
239.354 39.823 17.8 5.2 -5.87e+15 -5.933e+16 6.52e+16 7.64e+15 -3.28e+15 3.528e+16
237.366 38.345 7.2 3.6 0 -3.23e+14 3.23e+14 -5.9e+13 5.5e+13 -2.3e+13
235.14 40.46 15.7 3.9 0 -6.8e+14 6.8e+14 4.6e+13 -3.9e+13 -1.2e+14
229.85 49.91 10 5.3 -1.644e+16 -8.016e+16 9.66e+16 -2.283e+16 3.163e+16 2.424e+16
237.273 47.149 51.9 6.8 -9.987e+18 2.912e+17 9.696e+18 1.934e+17 -1.492e+19 3.617e+17
235.14 40.33 7.7 3.8 1.17e+14 -3e+14 1.82e+14 1.04e+14 -2.37e+14 -5.51e+14
230.9 49.17 10 5.4 -8e+15 -1.26e+17 1.339e+17 7.4e+15 9.5e+15 -6.24e+16
231.21 49.33 10 5.9 -4.45e+16 -1.714e+17 2.159e+17 -1.9e+15 -2.47e+16 -1.858e+17
229.65 50.49 10 5.4 3.2e+15 -5.81e+16 5.48e+16 4.4e+16 -6.63e+16 1.087e+17
234.716 40.74 5.6 5.6 -8.8e+15 -2.371e+17 2.459e+17 4.92e+16 3.28e+16 -3.46e+16
230.69 48.89 10 6 -6.3e+16 -1.152e+18 1.215e+18 7.2e+16 1e+15 -4e+17
235.553 40.468 28.7 4.1 0 -9.47e+14 9.47e+14 -7.69e+14 -6.01e+14 2.36e+14
238.303 40.99 19.3 4.4 -3.82e+15 9.4e+14 2.89e+15 5.1e+14 1.37e+15 -2.03e+15
238.301 40.99 11.2 4.3 -3.07e+15 8e+13 2.99e+15 7.9e+14 1.44e+15 -1.39e+15
238.312 40.988 14.2 3.7 -3.56e+14 -2.9e+13 3.85e+14 1.32e+14 1.23e+14 -1.38e+14
238.313 40.985 13 3.9 -6.21e+14 6.4e+13 5.57e+14 2.46e+14 1.73e+14 -3.81e+14
237.233 38.782 4.1 4.4 -1.52e+15 -2.36e+15 3.88e+15 2.05e+15 -2.6e+14 1.63e+15
239.549 39.379 14.3 4.4 1.66e+15 -3.91e+15 2.26e+15 2.48e+15 1.96e+15 2.28e+15
234.81 40.42 1.2 3.9 7e+12 -1.58e+14 1.51e+14 -9e+12 -1.95e+14 -7.12e+14
235.538 40.853 13.1 4.5 -4.5e+14 -3.82e+15 4.27e+15 -1.98e+15 -3.8e+14 3.1e+15
236.969 39.332 12.8 4 1e+13 -1.02e+15 1.01e+15 -9e+13 1.5e+14 2.9e+14
235.513 40.366 16.9 4.1 1.24e+15 -1.38e+15 1.3e+14 -7e+13 -7.1e+14 -5.7e+14
229.919 44.513 10 6.2 -5.33e+17 -1.625e+18 2.158e+18 7.03e+17 -3.11e+17 -1.34e+18
236.933 39.392 7 4.5 -9e+13 -5.17e+15 5.26e+15 -2.13e+15 -1.54e+15 1.35e+15
229.67 49.94 10 5.5 -2.71e+16 -1.146e+17 1.416e+17 4.6e+16 5.7e+15 1.21e+17
229.86 49.99 10 5.2 -7.62e+15 -7.059e+16 7.821e+16 2.474e+16 2.381e+16 -1.103e+16
235.305 40.322 7.4 4.5 1.39e+15 -2.15e+15 7.7e+14 1.07e+15 -2.56e+15 -5.42e+15
229.619 51.011 10 5.5 -2.63e+16 -8.75e+16 1.139e+17 4.91e+16 -1.09e+16 1.909e+17
229.35 50.83 10 5.2 -1.446e+16 -3.715e+16 5.16e+16 1.605e+16 -1.961e+16 6.544e+16
237.226 38.785 5.6 3.9 -7.92e+14 0 7.91e+14 2.3e+13 -4.26e+14 4.3e+13
234.738 40.445 2.5 4.3 3e+13 -9.1e+14 8.8e+14 -4e+13 -7.8e+14 -3.54e+15
234.721 40.386 7.8 5.9 5.73e+16 -1.759e+17 1.185e+17 9e+14 3.22e+16 -7.603e+17
235.553 40.514 23.7 3.8 3.5e+13 -5.28e+14 4.93e+14 8e+12 -1.3e+14 -1.8e+13
232.743 43.649 10 6.1 -3.9e+16 -1.135e+18 1.174e+18 1.53e+17 -1.14e+17 -9.05e+17
237.086 38.75 7.4 4.3 -8.6e+14 -1e+14 9.6e+14 4e+14 -2.36e+15 1.91e+15
234.292 40.463 2.5 4.3 2.3e+14 -6.6e+14 4.2e+14 3.9e+14 -6.9e+14 -2.64e+15
237.087 38.768 6.6 4.6 -3.33e+15 1.64e+15 1.69e+15 3.29e+15 -3.15e+15 7.91e+15
237.087 38.757 6.2 4.4 -1.23e+15 3.3e+14 9e+14 1.4e+15 -1.11e+15 3.17e+15
233.503 40.503 25 5.4 -8.91e+16 3.54e+16 5.37e+16 5.24e+16 -6.09e+16 -4.37e+16
237.174 38.844 2.1 4 -8.5e+14 -2e+14 1.06e+15 -4.5e+14 1e+14 2.4e+14
